init:
deps-jar:
compile:
run:
0
1
2
3
4
5
6
7
8
9
10
11
12
13
14
15
16
17
18
19
20
21
22
23
24
25
26
27
28
29
30
31
32
33
34
35
36
37
38
39
40
41
42
43
44
45
46
47
48
49
50
51
52
53
54
55
56
57
58
59
60
61
62
63
64
65
66
67
68
69
70
71
72
73
74
75
76
77
78
79
80
81
82
83
84
85
86
87
88
89
90
91
92
93
94
95
96
97
98
99
100
101
102
103
104
105
106
107
108
109
110
111
112
113
114
115
116
117
118
119
120
121
122
123
124
125
126
127
128
129
130
131
132
133
134
135
136
137
138
139
140
141
142
143
144
145
146
147
148
149
Training time (sec):13.609
Average sample error:0.1773396
Average neuron error:0.1773396 effect neuron Num:121
Total sample error:21.458092
Entropy :6.531874
distortion radius:1
Total distortion:8.819241
average distortion:0.07288629
0.053563952	0.06622161	0.0	1.4E-45	1.4E-45
0.16099042	0.18463068	0.0	1.4E-45	1.4E-45
0.8849171	0.9012608	0.0	1.4E-45	1.4E-45
1.230218	0.89290917	0.0	1.4E-45	1.4E-45
1.7687914	0.9555627	0.0	1.4E-45	1.4E-45
1.9082352	1.0027713	0.0	1.4E-45	1.4E-45
2.0148408	1.128727	0.0	1.4E-45	1.4E-45
2.5928109	1.6946442	0.0	1.4E-45	1.4E-45
2.8768144	1.9888237	0.0	1.4E-45	1.4E-45
3.485606	1.9967389	0.0	1.4E-45	1.4E-45
4.0026617	1.9994212	0.0	1.4E-45	1.4E-45
4.9422574	1.9643399	0.0	1.4E-45	1.4E-45
5.8023705	2.0004883	0.0	1.4E-45	1.4E-45
6.3982162	2.419307	0.0	1.4E-45	1.4E-45
6.8674746	3.1737697	0.0	1.4E-45	1.4E-45
6.993356	3.5129275	0.0	1.4E-45	1.4E-45
7.059596	3.7969987	0.0	1.4E-45	1.4E-45
7.5706496	4.442744	0.0	1.4E-45	1.4E-45
7.987179	5.183122	0.0	1.4E-45	1.4E-45
8.07199	5.534753	0.0	1.4E-45	1.4E-45
8.542875	6.0842276	0.0	1.4E-45	1.4E-45
8.982619	6.5555825	0.0	1.4E-45	1.4E-45
9.495939	7.06459	0.0	1.4E-45	1.4E-45
9.774044	7.426901	0.0	4.2E-45	4.2E-45
9.879277	7.759621	0.0	9.4009124E-27	9.4009124E-27
9.8825035	8.462384	0.0	1.0235822E-6	1.0235822E-6
9.871553	9.315298	0.0	6.9442576E-9	6.9442576E-9
9.9271	9.285377	0.0	0.19200633	0.19200633
9.7871275	9.707166	0.0	0.11636364	0.11636364
