init:
deps-jar:
compile:
run:
0
1
2
3
4
5
6
7
8
9
10
11
12
13
14
15
16
17
18
19
20
21
22
23
24
25
26
27
28
29
30
31
32
33
34
35
36
37
38
39
40
41
42
43
44
45
46
47
48
49
50
51
52
53
54
55
56
57
58
59
60
61
62
63
64
65
66
67
68
69
70
71
72
73
74
75
76
77
78
79
80
81
82
83
84
85
86
87
88
89
90
91
92
93
94
95
96
97
98
99
100
101
102
103
104
105
106
107
108
109
110
111
112
113
114
115
116
117
118
119
120
121
122
123
124
125
126
127
128
129
130
131
132
133
134
135
136
137
138
139
140
141
142
143
144
145
146
147
148
149
Training time (sec):29.39
Average sample error:0.07295038
Average neuron error:0.07295038 effect neuron Num:121
Total sample error:8.826996
Entropy :6.311087
distortion radius:1
Total distortion:4.3762937
average distortion:0.036167715
0.013172775	0.0038203662	0.0	0.0063672797	0.0063672797
0.11501319	1.8876538E-9	0.0	3.1460334E-9	3.1460334E-9
0.57748795	0.0021261058	0.0	3.0690826E-18	3.0690826E-18
0.98085076	0.16914415	0.0	1.4772796E-23	1.4772796E-23
0.9991054	0.49079958	0.0	1.8920462E-24	1.8920462E-24
0.99994224	0.93608665	0.0	1.4E-45	1.4E-45
1.0145268	0.9895381	0.0	0.0	0.0
1.2425885	0.99961466	0.0	0.0	0.0
1.842711	0.9957175	0.0	1.4E-45	1.4E-45
1.9948577	0.9768647	0.0	1.4E-45	1.4E-45
1.9999809	0.9799074	0.0	1.4E-45	1.4E-45
2.0655098	0.991683	0.0	1.4E-45	1.4E-45
2.766081	0.9982483	0.0	1.4E-45	1.4E-45
2.996064	0.9923025	0.0	1.4E-45	1.4E-45
2.9998791	0.9978931	0.0	1.4E-45	1.4E-45
3.0798445	1.0007429	0.0	1.4E-45	1.4E-45
3.6180406	1.0004735	0.0	1.4E-45	1.4E-45
3.953177	1.0008398	0.0	1.4E-45	1.4E-45
3.9967997	1.001113	0.0	1.4E-45	1.4E-45
4.496623	1.0376647	0.0	1.4E-45	1.4E-45
5.0319004	1.4921223	0.0	1.4E-45	1.4E-45
6.0372343	1.8183144	0.0	1.4E-45	1.4E-45
6.3516116	1.9295341	0.0	1.4E-45	1.4E-45
6.3452873	2.0483823	0.0	1.4E-45	1.4E-45
6.8337255	2.2592742	0.0	1.4E-45	1.4E-45
6.973347	2.6933134	0.0	1.4E-45	1.4E-45
6.9984255	3.2459116	0.0	1.4E-45	1.4E-45
7.137863	3.5749974	0.0	1.4E-45	1.4E-45
7.622977	4.403986	0.0	1.4E-45	1.4E-45
7.9545164	5.153086	0.0	1.4E-45	1.4E-45
7.995778	5.514734	0.0	1.4E-45	1.4E-45
7.987764	5.82623	0.0	1.4E-45	1.4E-45
8.038829	6.2766514	0.0	1.4E-45	1.4E-45
8.297395	6.8564243	0.0	1.4E-45	1.4E-45
8.780774	6.8161707	0.0	1.4E-45	1.4E-45
8.93194	6.9934325	0.0	1.4E-45	1.4E-45
9.273954	7.4692583	0.0	1.4E-45	1.4E-45
9.473723	7.884479	0.0	2.5792455E-22	2.5792455E-22
9.448408	8.144562	0.0	1.5680143E-17	1.5680143E-17
9.338523	8.662943	0.0	8.127807E-11	8.127807E-11
9.556894	9.086548	0.0	5.113147E-10	5.113147E-10
9.821202	9.493811	0.0	1.6360598E-8	1.6360598E-8
9.788435	9.811743	0.0	1.23441E-6	1.23441E-6
