5 2000
96.4082 179.3111 163.7876 94.3965 32.7488 0
34.7241 53.8798 122.8273 167.3431 95.8079 1
81.6370 94.2557 66.5141 151.6953 126.0418 2
112.0752 102.5183 26.1993 39.5451 81.4857 3
116.4992 175.0465 116.1901 55.3416 40.8136 4
66.7846 39.1747 14.7538 1.5685 43.7359 5
106.2762 23.3698 71.8492 75.4414 135.3527 6
91.1711 88.5134 91.0760 147.7109 99.7008 7
156.7684 48.7913 137.1398 71.8075 130.9122 8
32.8779 147.3474 16.7089 69.9262 23.9090 9
130.5321 9.5103 152.7609 104.5702 94.7141 10
1.5260 115.4166 167.4181 68.6904 156.7484 11
110.9645 127.4978 24.7746 119.1255 64.8361 12
179.3454 69.6395 59.7725 69.0326 31.5635 13
166.4436 140.0353 134.6541 61.3484 90.9861 14
159.3495 3.9536 97.4582 29.3423 138.4793 15
143.3735 120.0443 113.3099 129.8601 3.7292 16
147.5343 65.3970 118.2642 106.4161 169.5920 17
76.4664 23.5126 117.0401 20.0147 108.0057 18
53.7011 114.8764 53.9874 32.3053 137.5411 19
23.4437 104.9887 83.8726 161.7675 57.5213 20
172.4942 99.7193 113.9464 174.4249 144.4247 21
82.3195 96.3865 33.1612 65.1606 13.9042 22
103.9536 26.6815 97.5732 113.1810 58.0359 23
150.8531 2.9667 115.3679 114.7407 115.5249 24
128.4519 166.7041 93.6423 115.1279 1.6576 25
63.5010 134.6283 130.9449 15.9102 102.4643 26
83.0230 23.2007 68.0741 110.5665 107.7863 27
163.5710 89.1281 136.1540 13.6452 96.8014 28
63.1657 146.5586 46.8057 103.7611 21.0861 29
93.8086 33.2678 124.3523 175.6870 57.4136 30
165.6567 65.9519 146.2064 131.1765 89.9828 31
154.9708 127.1357 40.0804 148.7521 27.4883 32
53.0271 61.5035 72.3626 50.6319 122.0811 33
84.5574 72.1067 148.4441 138.3764 46.8582 34
22.7797 132.8717 150.4499 79.3750 107.5288 35
149.6598 36.2467 117.3907 86.6180 125.9870 36
144.6376 139.3996 23.3679 28.8377 61.5721 37
77.4281 28.1233 18.8611 169.8976 56.8401 38
74.0472 81.2611 11.3673 125.9942 59.0250 39
23.3409 20.4750 146.1059 176.0089 73.2212 40
83.9842 146.5348 120.5259 177.4097 34.6055 41
106.8753 31.8205 117.7212 172.6166 140.7847 42
139.5118 104.9333 102.1992 174.9792 88.2744 43
46.5011 44.0275 66.0406 1.4617 75.5753 44
29.2551 83.0304 48.8773 60.9448 28.0390 45
129.8582 47.8042 66.5392 51.9791 154.8244 46
101.9249 122.7940 125.7230 154.5965 14.7443 47
103.7982 75.7757 161.3536 113.2811 5.4168 48
59.3981 149.8549 20.2505 99.2585 71.5366 49
138.7428 145.9636 80.4732 168.8707 92.0498 50
132.9520 26.3768 56.5393 121.9661 119.6082 51
151.3084 75.9224 157.0738 155.3014 62.1543 52
4.6383 140.3396 145.5068 137.3203 73.2450 53
74.2427 110.2685 148.2974 22.3986 5.4230 54
12.6371 89.2773 11.5766 109.9328 93.5167 55
9.1926 96.4294 147.4002 14.0011 37.8953 56
101.4368 25.6234 96.9167 78.0684 110.3083 57
25.4376 11.9471 163.4180 132.5462 62.1012 58
108.3315 59.3424 72.2273 78.4567 161.9560 59
35.8516 140.0056 103.8956 11.6274 24.9777 60
21.7700 121.0395 86.9811 106.7114 91.0679 61
72.2429 29.7937 172.0990 62.2078 53.7351 62
12.1138 16.4571 162.0058 118.8027 6.4762 63
176.3906 154.4039 73.6072 104.0189 135.6199 64
104.1539 110.3062 131.2433 99.4584 171.7842 65
2.5699 143.6486 87.3627 66.8713 158.4063 66
123.1711 38.9884 100.8380 25.6437 162.2178 67
147.1360 96.9466 52.1619 124.3065 3.6093 68
156.4220 105.2488 123.5389 171.1336 29.6661 69
59.8341 83.7065 118.1347 90.1625 135.6022 70
107.1263 44.1882 159.4865 53.5375 125.6693 71
157.5954 103.3586 55.3385 118.4623 125.0735 72
35.8171 13.8610 16.7697 88.7125 2.7654 73
63.9786 40.4781 5.5199 95.5928 35.2881 74
83.7278 141.2812 173.4922 157.3782 4.2499 75
56.1422 169.9682 64.5805 11.6552 148.2714 76
15.4050 167.6254 81.6893 135.4643 18.3621 77
58.8626 62.9538 18.2394 175.6859 43.1885 78
32.9937 160.1498 172.1955 67.9357 70.9087 79
135.0679 146.1044 161.6835 4.4947 126.4430 80
134.9581 117.8795 72.4445 104.3371 17.6634 81
36.5958 21.9620 132.7289 173.9750 122.8749 82
138.8052 126.3676 136.3905 75.8523 81.7610 83
66.8687 132.8035 103.2113 83.7374 24.7420 84
147.4450 5.2381 160.0322 115.2036 178.0071 85
67.3189 107.3088 161.1519 12.3956 58.5576 86
81.5126 90.1796 21.3478 106.3045 156.9159 87
68.1140 71.3574 163.1725 40.3992 138.4309 88
100.0030 178.6990 113.0042 40.4828 115.3456 89
52.9560 51.0691 49.2534 121.7848 36.8987 90
84.6704 9.9841 124.0633 50.7755 63.6538 91
110.4709 27.3600 139.3779 49.1236 141.6255 92
177.3863 84.1982 90.4100 66.9515 75.6047 93
77.3606 133.4143 9.7861 177.8337 45.6564 94
158.3880 116.8565 101.5587 146.7236 75.6624 95
59.3155 130.8229 177.6762 80.8554 9.7251 96
171.6546 92.9112 90.2777 28.3436 108.6026 97
103.2022 138.2284 159.0027 92.4507 110.6576 98
71.6251 172.1996 157.4270 12.1032 144.4619 99
26.4545 51.1949 111.2020 100.2040 148.2299 100
50.0595 74.0442 172.9915 141.3692 108.2555 101
135.7815 129.6279 130.6926 145.7076 19.7788 102
90.9124 32.7194 52.4984 78.9969 162.3796 103
121.4216 82.9748 83.9695 119.4263 178.1849 104
34.2613 125.8791 169.9001 168.9162 32.3127 105
17.5833 9.8435 16.9789 73.1258 0.4951 106
44.1226 164.3178 2.1420 171.3226 174.3497 107
147.9211 90.3383 67.0086 169.4644 91.0920 108
71.5440 124.1285 63.7560 89.5369 136.6994 109
38.7328 14.3373 14.7659 66.4073 70.9007 110
14.8669 80.1081 55.9687 135.8331 115.4081 111
29.2329 65.2913 46.0356 153.9101 3.9978 112
175.6793 120.6192 18.8662 122.1839 41.5014 113
86.9198 15.3505 52.2527 18.5408 33.8486 114
171.4611 130.2733 89.7307 25.4699 43.1370 115
21.1484 98.6834 147.6881 60.6524 106.3755 116
119.8459 62.9253 55.3336 111.9918 4.7673 117
146.8829 2.4196 138.8636 172.6205 155.2637 118
74.5850 175.9006 36.4750 68.1991 133.3662 119
22.3625 59.1462 169.1281 49.8358 102.4173 120
28.8755 93.6801 37.9295 125.2550 52.9892 121
62.0650 77.3963 174.0556 128.8872 5.0522 122
133.3590 130.4161 114.4107 65.2012 133.0723 123
63.3911 142.8449 76.5414 102.5372 67.5981 124
20.0887 137.6331 40.7185 147.3219 49.4871 125
21.5280 43.8612 167.8513 103.3393 50.7695 126
128.7071 45.2664 133.6647 78.4349 145.4303 127
135.3810 77.7512 92.3958 128.5023 46.8279 128
19.8753 121.3728 97.5149 115.9091 141.7579 129
171.7244 122.2827 38.5787 51.9580 148.3304 130
77.6569 33.7675 144.1215 148.5117 28.7941 131
111.9521 56.1531 113.0384 125.3387 74.0554 132
19.3475 116.0178 16.3223 101.3498 51.2979 133
17.6362 116.7182 146.1784 117.5398 50.6454 134
145.9493 85.3294 17.4208 157.0899 97.0851 135
143.2437 36.7843 34.5897 42.1087 124.6350 136
155.2265 144.0604 11.5077 64.9069 11.1856 137
11.0979 146.6449 89.4387 35.2260 142.1144 138
76.4989 29.3294 83.1365 153.0713 107.0677 139
135.4507 116.7918 157.2212 7.1571 23.7061 140
175.7935 106.5149 137.0140 174.7434 103.6710 141
18.9331 17.4674 123.0144 32.8072 59.4967 142
64.5305 83.1836 57.4369 54.3219 58.0656 143
133.4194 14.2885 65.2533 161.5923 74.4600 144
63.0670 105.9194 156.1746 138.9179 157.3920 145
102.0153 43.6284 64.7022 139.5563 144.5871 146
121.0602 34.2159 56.8263 19.1089 11.8921 147
147.5120 179.3337 161.4529 79.5970 34.9075 148
127.7688 50.6778 122.3530 179.4431 1.2199 149
59.1689 139.0644 107.3551 172.0726 0.6676 150
111.6405 159.2033 158.8310 163.3249 61.1913 151
102.0639 148.7323 66.8954 24.4954 159.7164 152
159.7045 60.9065 130.2227 172.6985 74.1204 153
133.0023 117.9258 44.1241 132.6237 93.2820 154
105.4407 27.1144 179.2162 101.1727 98.4442 155
158.1613 86.3380 104.3964 124.5596 136.4318 156
101.4176 172.5642 76.9174 89.9880 23.7132 157
52.8925 0.8384 55.1520 124.5783 49.9215 158
2.5452 168.1100 168.5303 56.2785 106.0227 159
144.4121 125.8233 136.7303 96.5734 140.2683 160
68.7327 176.8636 123.1095 110.1564 139.2951 161
51.6345 47.4855 166.0078 43.4619 50.4214 162
178.4408 63.7149 174.2310 121.8796 95.1759 163
95.0015 95.1004 79.6932 116.5631 101.5716 164
63.5343 143.2451 137.5349 134.9140 168.9260 165
81.1911 78.1897 179.1401 14.4061 24.6950 166
168.9175 168.8710 19.7195 112.1291 148.1375 167
34.2490 149.3132 10.9697 43.3882 170.9417 168
66.1334 154.4271 125.9328 31.6784 101.9918 169
14.2716 164.9729 20.4308 37.2103 10.7033 170
8.1530 111.9371 14.4459 88.4915 34.3403 171
87.3680 83.2796 34.2382 6.7426 93.0896 172
151.9067 146.2858 118.6145 62.1956 6.2447 173
47.9768 20.1826 26.6693 11.3385 37.0516 174
39.1968 149.6499 119.7755 46.4687 177.1710 175
45.7222 51.0607 128.6646 98.7858 161.1543 176
28.6657 169.6719 139.7809 137.5897 125.3611 177
59.5354 179.5295 154.5434 28.1674 101.3106 178
144.8364 108.6544 131.7307 112.6207 20.9233 179
102.4856 92.6679 16.4950 66.8513 106.9453 180
124.3059 108.5628 62.6394 67.1927 22.3780 181
133.8605 71.2042 57.4890 73.6908 12.7327 182
38.4807 37.6406 144.2801 89.2816 157.9058 183
146.8807 147.4632 122.0849 127.8249 179.4219 184
57.4714 146.2252 32.1458 146.8705 118.1491 185
84.0828 69.7725 125.9254 149.0051 119.4014 186
61.3723 123.2174 19.8003 146.9677 165.6661 187
125.3748 169.7053 132.2538 38.2448 14.0094 188
176.1787 127.1893 42.8630 153.6769 60.7247 189
58.4348 88.4928 97.7964 52.7162 73.5312 190
30.5677 164.9831 72.8695 131.0059 77.1013 191
33.4111 171.7264 154.9695 135.9443 174.9043 192
147.3305 47.4377 161.9510 73.4976 142.7505 193
145.8160 111.9258 66.3363 162.3378 74.3476 194
2.4606 86.8361 169.3669 77.6217 179.3583 195
58.6658 17.7513 43.5766 105.5645 96.1332 196
31.3685 21.5474 13.9816 47.1237 178.4215 197
67.0098 104.5314 86.8715 27.2686 56.7422 198
2.1283 95.9984 128.7690 60.9389 1.3364 199
12.1481 152.4753 37.3072 157.3731 5.0815 200
49.8531 97.8415 108.8909 174.2446 23.9876 201
73.7778 127.6705 21.0036 4.6790 106.9005 202
129.5783 105.0119 154.9638 168.8634 96.0006 203
136.2164 94.4928 170.5959 125.5956 32.9113 204
28.6483 172.7063 91.6848 33.7957 91.5949 205
117.1526 1.5003 121.1017 104.3136 31.3880 206
73.9870 111.6638 55.4227 91.2522 89.5195 207
129.7997 44.2796 159.1815 42.3077 113.7332 208
131.5501 167.5616 171.6234 139.1943 170.4259 209
41.4992 171.8941 92.8798 155.3295 179.0791 210
33.2627 176.1046 14.9673 176.9077 54.5290 211
157.1025 78.2726 9.7104 58.0438 79.7183 212
176.0657 33.4217 75.7082 153.9097 179.3400 213
168.4014 161.6026 0.3189 52.6295 103.7207 214
17.5269 8.5298 148.2791 170.3483 111.3589 215
43.8812 29.8816 151.2811 44.0875 143.8084 216
174.8133 20.0245 2.5705 169.7839 99.3704 217
92.5442 4.8043 61.2279 144.9576 110.5075 218
27.7433 91.8734 109.8504 33.5815 75.9567 219
93.3476 137.2632 108.6122 97.8233 165.0109 220
142.7617 92.6122 52.2972 65.8196 57.0980 221
26.8432 41.6023 63.3125 79.9855 148.3308 222
90.6168 105.4484 141.9184 39.0926 161.1158 223
124.1035 44.0108 150.0961 132.6697 119.4204 224
166.1624 88.0211 133.6457 96.5016 47.6919 225
104.9849 111.9513 43.6195 106.3946 168.8966 226
177.7449 43.6084 83.9354 0.8810 171.7192 227
91.2579 102.2487 104.3677 138.2563 143.3771 228
143.3940 136.8849 115.3063 161.0906 106.4686 229
115.4312 50.3829 101.8646 146.5326 117.8473 230
26.0772 27.6470 32.0637 54.1902 84.5017 231
178.6925 28.5747 113.1691 174.9391 122.8366 232
139.8652 102.3478 175.9589 177.7666 30.1975 233
168.3651 53.1346 5.6676 150.8537 75.4058 234
28.0092 92.4000 66.0747 21.4673 140.7344 235
127.2680 77.7896 57.3698 150.8586 19.5864 236
58.1561 113.2524 152.4709 142.7906 112.0673 237
108.8086 9.5091 8.4866 34.2347 45.1093 238
42.4520 92.2375 84.5631 173.8554 48.8400 239
104.7437 58.5459 42.5997 139.1562 4.9877 240
154.4648 1.4123 148.9969 82.2251 26.9467 241
93.0496 45.4336 26.9380 11.9986 38.0363 242
5.2430 3.6817 169.1021 23.2907 78.7135 243
92.4601 7.6313 165.0760 138.2561 64.3751 244
87.8268 158.4334 27.1881 146.8767 69.3166 245
133.6702 46.6645 39.2234 87.7261 171.1071 246
86.4305 98.6837 73.5998 41.8311 24.4325 247
10.9019 106.4010 8.5995 47.6300 97.7560 248
88.3664 105.9184 95.4065 85.7073 100.7877 249
94.1576 71.7982 14.8292 143.3971 136.9702 250
154.4762 132.8258 79.9900 159.2641 122.8420 251
30.0960 108.8903 58.1767 78.2420 172.0917 252
90.4909 8.1414 123.8138 60.7949 82.5657 253
104.4853 23.0818 171.2559 18.0901 122.1195 254
77.7317 85.7511 32.4004 124.9925 125.7252 255
75.1138 62.4150 155.9054 43.3068 69.1638 256
55.8239 59.9644 85.2703 154.7648 123.6778 257
66.7182 28.0440 170.1486 179.7542 103.7312 258
91.4162 171.9901 83.8838 118.8259 42.7084 259
10.3731 130.9321 71.2841 133.1933 163.3790 260
169.6490 76.3259 129.8003 103.6192 86.8127 261
94.8769 114.7270 156.8018 140.5108 172.3023 262
159.2116 43.9616 9.1421 123.9239 149.9304 263
132.0563 149.9822 67.4569 68.4390 6.6720 264
15.5889 0.5273 161.3189 36.6881 97.8451 265
127.9208 77.6779 64.4905 45.5275 37.6479 266
93.2403 17.3382 4.6045 174.5696 147.0959 267
130.1361 46.3955 8.9183 178.9250 85.9785 268
160.7786 20.3513 11.0257 89.8224 51.7128 269
71.3432 30.4321 43.3142 152.6919 30.9624 270
156.6631 140.0839 60.4758 121.1245 149.6767 271
136.2534 99.6225 83.6149 52.9679 16.1461 272
179.6376 2.2754 45.6064 68.9272 65.2923 273
50.7323 107.3432 73.3099 172.2142 108.3357 274
123.7712 143.6492 0.4708 101.3051 99.4745 275
67.2129 37.2846 107.8356 12.3747 36.9452 276
22.7335 100.8705 166.8335 33.1776 33.4304 277
103.9757 174.3908 16.2668 49.9191 131.8287 278
74.3126 44.5124 130.7632 80.8009 20.8213 279
10.6006 82.8130 29.3947 169.9547 177.6864 280
141.4505 125.9800 37.5422 53.5199 109.3682 281
23.7567 168.4863 10.7611 89.5677 86.1845 282
12.7746 16.0963 46.2729 133.4747 50.3171 283
83.0929 69.6376 5.2928 149.1279 128.5214 284
80.8223 159.5331 45.6040 166.9143 165.5302 285
166.0052 33.3787 3.7862 5.2176 84.7942 286
125.4517 175.9846 98.3371 124.0455 69.5190 287
141.6226 118.8277 42.4044 47.1846 124.5914 288
47.6856 19.3162 125.2371 67.1254 56.3339 289
55.8276 55.7289 0.8842 113.0071 174.3437 290
155.0342 33.6726 45.0004 125.6508 11.5099 291
140.3067 68.2977 61.6049 61.2614 95.5831 292
23.3603 119.0374 146.5800 5.5527 93.8155 293
112.8225 144.0728 1.2167 103.1630 53.9039 294
77.5071 107.9586 87.1641 114.2628 12.5629 295
165.2468 49.0180 163.0288 63.5327 71.0417 296
176.0399 120.2253 33.6329 135.4276 146.4571 297
52.0675 94.6058 118.2813 63.0610 116.5555 298
137.1529 18.1073 24.1852 23.5478 34.1667 299
177.7885 123.8263 145.4903 131.5560 56.4220 300
15.6602 31.0912 59.4792 153.6920 176.6381 301
142.5148 139.9504 1.0731 1.2610 1.1926 302
64.0722 0.0028 138.0827 164.8473 115.3209 303
127.5545 98.7677 134.0968 42.2330 173.6568 304
23.0887 163.9457 100.0679 113.8349 0.7483 305
41.0292 64.9986 44.5453 31.1466 79.2677 306
70.6640 40.0974 32.0077 43.3753 43.2994 307
137.3633 137.0111 147.2543 148.2201 118.9227 308
175.5207 166.4651 31.4221 56.5905 26.4884 309
79.1381 59.9833 13.3408 90.3449 73.9786 310
59.4503 165.6900 38.0959 55.9237 137.2266 311
54.2162 3.8250 67.7440 82.8956 107.1796 312
29.3383 4.3277 74.0603 172.4622 76.6507 313
8.5253 163.8676 58.3430 63.2514 109.9363 314
156.3598 29.5227 84.7765 167.5201 41.5944 315
74.9756 149.6079 101.5564 169.9898 62.1966 316
149.5606 144.0071 95.1003 1.1682 29.2741 317
64.4130 25.8459 142.8297 81.4605 87.2935 318
80.2519 100.0463 124.9958 104.2663 37.8983 319
102.7244 133.9975 9.8301 109.5253 3.3494 320
31.7514 61.3777 38.3198 144.8833 150.5115 321
103.4963 131.2012 106.6303 9.7487 29.9869 322
128.5591 59.8326 41.3399 32.2598 49.3636 323
70.5209 72.7627 70.4538 172.3658 179.1296 324
149.1394 71.3850 123.7612 75.2145 136.0519 325
59.1412 169.9272 71.1289 27.9317 106.5953 326
116.6136 72.5224 122.5419 139.9051 105.5481 327
34.1492 50.7637 100.4713 41.8748 122.3678 328
63.9314 157.1441 103.7282 0.2734 21.0850 329
4.9763 25.6339 115.1819 73.2970 62.8466 330
115.5717 33.2578 93.9677 114.0167 63.4567 331
49.0248 4.2288 78.7861 52.1481 3.8042 332
128.3317 163.3061 123.3800 114.5657 71.5328 333
176.1290 116.0455 83.8894 118.3338 4.4091 334
118.6868 101.5705 86.2840 35.1955 160.9198 335
146.7609 49.7823 13.7838 29.0164 148.7920 336
131.3403 177.6436 132.0280 105.1259 42.0897 337
167.8137 137.2870 32.2314 172.7123 150.5841 338
85.5199 57.3716 44.0075 54.2835 79.9809 339
18.6365 49.4683 17.7086 119.1849 85.3452 340
33.0923 22.5934 34.4614 137.4707 53.5508 341
81.2824 136.5093 164.6241 148.9164 31.2557 342
26.0558 137.7700 151.0242 173.3729 22.1129 343
146.4008 77.4976 97.1092 78.5519 159.9143 344
133.6703 136.0614 25.1583 74.0215 20.2414 345
59.5875 134.8549 138.1631 13.0048 125.7649 346
175.9430 102.1682 55.5151 67.5360 117.0530 347
122.3199 19.3187 141.6042 88.3382 106.1464 348
139.8190 37.6922 29.9604 166.8361 170.9410 349
78.6483 129.2932 123.8091 144.9817 141.0188 350
137.3562 179.6900 146.9407 128.5054 45.3095 351
45.3525 121.8230 73.5535 23.7845 140.8228 352
91.3338 171.8752 128.6196 61.5575 153.5227 353
126.4156 139.2034 104.6126 23.8641 63.4716 354
2.5129 42.8968 70.0309 68.6497 167.1080 355
33.8331 147.8707 7.7600 66.1650 154.8416 356
104.8584 174.4454 34.5263 162.8469 124.0926 357
148.1845 152.9062 148.5126 128.7528 84.4512 358
45.7974 113.3008 125.8805 152.4143 155.6559 359
120.0549 37.2351 145.4704 94.3374 169.5981 360
113.5873 129.7914 111.3263 93.3522 150.5122 361
113.7817 97.3766 101.4613 69.0794 163.7181 362
20.1646 70.6384 154.3925 94.7799 101.5245 363
142.4427 106.8490 50.0047 141.9819 157.3253 364
16.5399 126.2936 172.4391 158.9773 100.2639 365
60.7866 73.6451 127.5945 102.7559 171.4557 366
152.5966 155.1474 47.5400 134.6944 43.1275 367
170.8377 80.8174 144.2180 110.5294 57.7894 368
36.5907 110.6853 146.1231 108.1297 72.7655 369
117.5156 103.0343 136.4255 171.7850 27.3624 370
131.2539 67.1828 67.0844 92.5866 151.3215 371
160.2869 51.9708 117.7290 138.3979 46.5674 372
59.9042 151.6521 156.1308 94.4436 42.5804 373
132.8634 21.8182 22.5924 32.7062 152.4512 374
142.3067 58.9211 152.6678 41.0336 91.9963 375
69.7466 110.3977 82.0245 2.9496 126.9398 376
126.8611 137.8363 148.0900 125.3740 66.4662 377
152.3022 76.1730 105.0092 92.9105 46.5987 378
105.5359 108.4241 7.9753 157.8183 49.7076 379
8.4395 124.8293 6.6391 89.1085 58.3435 380
151.9005 15.0260 96.0055 99.9648 32.8979 381
105.6268 178.0878 69.6575 81.4922 142.9149 382
92.1654 165.2853 43.9603 23.4630 36.7309 383
86.1145 144.2311 91.4437 110.0031 95.7096 384
134.3606 80.3741 12.7023 5.8923 102.6112 385
29.7039 88.3802 43.4000 32.5934 15.8037 386
12.2860 24.0907 131.6457 65.6957 44.4552 387
53.1838 55.3191 131.0275 55.9438 100.4766 388
29.8364 107.6896 28.1298 59.4106 124.2533 389
54.5131 16.8346 15.7644 82.7799 142.8284 390
143.7756 4.1543 90.4711 37.4435 151.8905 391
154.7708 77.9623 46.8774 107.0874 86.5226 392
31.1727 91.9381 6.9544 161.4705 69.5279 393
137.7522 172.7440 13.8296 136.7484 127.8282 394
165.3326 86.3957 50.6579 55.6737 151.0488 395
88.2343 111.1185 167.0271 125.8163 89.7295 396
145.5253 81.1980 27.3026 32.5273 117.1966 397
35.5783 95.5531 154.9855 98.5393 33.4184 398
18.9431 160.3071 40.2605 176.8208 144.2025 399
5.0742 62.6796 158.0438 106.0514 74.8972 400
104.6602 106.1653 121.8153 42.5994 93.8474 401
147.6653 172.1531 26.5218 40.2291 152.4180 402
134.9215 34.2520 37.4763 25.3792 37.9136 403
22.1256 54.8342 96.3436 14.5324 2.6098 404
114.1687 35.9721 33.5543 150.8876 113.3237 405
20.0444 158.1449 5.6846 96.5092 29.9449 406
176.9521 130.3560 52.2982 140.0096 62.6918 407
103.8835 139.4352 7.4273 1.7120 39.9146 408
24.7922 162.3513 176.9448 100.1184 122.4427 409
70.8187 3.0456 140.2179 75.4167 22.0361 410
143.1259 67.4975 163.1562 57.8972 102.5398 411
68.6228 43.4851 97.2985 172.9183 135.8102 412
70.7147 97.2320 120.0497 164.5652 142.3487 413
105.7964 122.3463 85.4498 118.7280 179.2045 414
36.0702 121.7924 135.1270 175.2003 116.3737 415
173.3580 68.6213 55.5161 166.5099 39.1735 416
41.8569 33.8023 3.3574 92.5847 21.4516 417
39.2337 125.6716 50.9425 121.0356 78.5683 418
151.3282 83.8657 167.3785 10.8289 107.8225 419
130.8599 9.5368 0.5037 15.0418 122.7638 420
160.6283 170.6544 133.2226 24.6973 49.3303 421
91.7863 107.8676 48.0874 5.4988 79.2399 422
81.5253 47.9181 172.5910 175.9747 119.2548 423
156.8995 146.7375 87.3713 122.2136 170.3402 424
49.4964 134.0732 115.5409 48.5092 122.1150 425
161.3619 148.2051 27.0661 99.8518 110.9430 426
24.7595 72.7476 172.7736 34.0035 34.0387 427
68.6625 115.5263 51.7670 80.2361 56.3507 428
76.3325 51.2494 131.8575 50.1514 41.5083 429
98.6238 169.8789 64.3256 47.5603 13.5659 430
137.8006 105.6016 64.2714 174.9564 179.2912 431
9.0928 119.7146 171.6929 43.2696 21.3290 432
63.3388 164.8319 122.5217 45.1235 77.0581 433
105.1824 170.6644 42.8334 9.2933 9.0291 434
171.4480 128.3516 167.5822 174.8120 71.8380 435
62.8391 76.2202 123.2375 156.6732 10.2932 436
122.0085 133.1560 156.2843 160.0876 64.8149 437
4.1548 88.1828 176.7542 167.7428 99.5114 438
146.9908 73.2928 35.2371 82.7936 150.3685 439
125.8366 106.6636 150.6568 146.3075 129.1890 440
178.2169 139.4508 66.3051 118.4720 173.6260 441
86.7927 166.8335 170.9255 50.6141 78.7083 442
106.0158 58.0027 19.3407 46.9529 128.5183 443
167.4018 150.9040 100.1299 114.1245 137.8635 444
25.3435 152.5960 37.0577 90.7269 105.5190 445
25.9412 123.8115 63.0361 105.5138 58.2196 446
129.4448 152.4794 157.4932 61.2503 159.6836 447
140.2255 96.6356 147.6159 166.6796 133.4608 448
32.9194 30.8488 74.3409 168.5434 24.5521 449
141.3662 0.5958 144.2448 105.6616 75.7544 450
4.6394 62.5098 117.8256 139.8551 156.6232 451
73.3312 23.4213 141.0742 42.6405 16.3648 452
163.1567 1.0998 56.3698 133.6885 120.1583 453
59.4796 27.8119 129.6100 76.9558 52.8402 454
165.5122 122.4601 163.8490 140.4179 43.2869 455
124.1276 70.5921 9.7534 30.9500 171.0375 456
171.4744 39.0039 160.4237 148.4277 161.4607 457
154.5251 135.2229 90.6027 2.5091 81.8741 458
147.9579 122.0551 123.4465 85.2775 68.2871 459
85.9297 106.5690 46.0855 58.4332 64.0879 460
69.6035 79.0261 60.2885 96.9887 21.0559 461
43.8081 53.0387 12.5274 70.5311 150.9428 462
107.8715 3.9713 20.0600 1.6900 101.3625 463
151.3156 72.3697 113.2819 73.8239 147.7183 464
118.8903 101.0458 155.5480 87.4987 110.1964 465
117.6763 129.5403 174.3874 148.9120 140.1345 466
134.4326 107.4003 32.9509 74.5749 112.4126 467
17.0561 169.3621 167.0760 68.0490 30.7885 468
17.1420 58.7456 34.9527 37.9926 82.4623 469
163.7472 27.4833 94.8054 161.6517 159.0335 470
139.9397 38.0282 1.2988 155.5954 52.7438 471
26.9697 22.2173 30.5963 62.1277 56.5928 472
20.4622 109.3875 0.4893 119.6693 146.5874 473
39.9152 143.3741 54.2999 101.0443 85.4626 474
128.4866 64.3978 15.0494 69.6091 166.5020 475
61.6066 89.6784 71.7869 79.1839 77.2322 476
42.0916 129.9997 124.2911 75.3223 99.5851 477
117.8109 152.5146 3.7053 92.2821 39.1678 478
47.0575 140.1888 48.9238 17.1069 47.6726 479
80.9319 95.8499 39.4137 52.3925 53.4795 480
117.1275 29.7609 30.0587 115.7089 13.9615 481
32.7952 23.6078 5.8726 124.4624 91.4472 482
84.0293 130.2744 146.0863 135.9248 137.1159 483
95.9077 135.5496 86.4570 100.7715 79.8068 484
110.9303 15.9356 33.4824 148.5589 47.4372 485
73.6519 136.6926 143.3908 172.9505 169.6992 486
73.9836 56.8504 99.9492 137.0542 131.5735 487
122.1410 8.5124 15.3088 166.3097 79.0243 488
167.4859 28.4519 107.2407 137.2609 99.6188 489
7.9811 133.2331 179.6661 140.5128 112.5464 490
166.1962 40.6969 156.7024 145.9269 146.1246 491
74.7097 109.4653 77.4112 6.2003 151.7345 492
0.5077 87.8853 68.4768 1.0984 57.1469 493
60.5957 80.1889 163.4921 122.9175 75.5380 494
40.2423 86.0590 76.0496 17.7191 147.3806 495
104.2454 45.1627 43.4725 146.1725 171.6685 496
140.1972 162.5660 88.4364 21.9432 57.9405 497
52.7021 154.4815 151.7301 6.6624 64.5832 498
40.1231 82.5924 66.2018 162.6153 88.4006 499
98.7097 50.2231 12.8197 160.2414 165.1271 500
155.5209 116.9518 102.7930 123.0281 53.7054 501
82.1794 33.8289 174.9519 119.0024 111.7954 502
128.2650 142.6615 24.1927 53.2337 74.2460 503
59.3036 86.5781 72.6947 117.5294 7.1144 504
74.8366 129.0446 61.4403 3.1309 6.7239 505
34.2699 136.7279 108.4191 118.5778 168.5049 506
149.6119 176.2560 39.2146 124.9652 24.4049 507
156.3702 21.2977 4.9857 151.0563 174.0767 508
111.2085 151.4279 68.7332 40.6273 160.5248 509
20.9057 159.9521 92.1926 169.5972 99.6605 510
109.4729 72.1011 12.4481 123.7024 131.6968 511
78.5388 25.0035 122.9298 155.6343 23.9564 512
77.9092 112.2740 9.4891 65.1325 147.5172 513
113.9760 145.6653 42.6738 157.2785 36.2536 514
107.3001 143.7493 13.4504 176.5850 179.5265 515
60.5066 44.4425 149.8195 122.8171 72.5447 516
37.9583 79.7020 51.4990 8.2972 47.7993 517
79.3241 46.5909 7.1069 105.5696 113.4265 518
48.3011 118.6900 145.8976 122.4036 114.8068 519
102.2660 176.4369 129.4401 113.2965 99.8028 520
22.4582 47.6712 80.4104 62.6814 79.8742 521
132.8712 164.7960 13.4309 89.4974 123.5586 522
152.7912 14.6883 132.8141 27.9565 124.4681 523
176.8377 23.3047 146.4233 179.2421 115.1863 524
111.6680 96.1073 127.7711 40.3758 85.9801 525
99.8417 135.3331 160.4975 15.8425 151.1193 526
107.3045 174.0411 4.3224 20.5533 59.0795 527
159.6801 123.6579 124.5773 153.7008 91.9552 528
169.2367 21.4873 152.4383 73.2385 158.6094 529
147.1983 82.9982 163.1094 59.4397 115.2856 530
26.2601 58.5003 46.0559 103.1559 171.7330 531
131.3657 3.0731 20.3119 134.5691 179.7375 532
175.1493 126.7999 115.4962 162.2641 90.3763 533
140.4975 170.8408 153.8901 114.6027 151.0044 534
40.2148 162.3698 160.5268 76.1339 12.4022 535
125.2619 50.5463 42.6502 111.1034 42.7838 536
128.5870 13.9024 104.1828 142.9101 103.3408 537
26.8840 42.2346 153.0045 42.0885 134.1228 538
59.5249 64.8830 17.8669 38.5510 15.7016 539
35.7899 149.6753 169.2823 67.1722 42.4526 540
6.1826 26.5213 46.4933 112.9979 64.7348 541
67.3835 160.9147 100.5593 140.8729 92.4540 542
131.3000 39.7549 178.1929 58.8522 36.0947 543
66.0870 93.7437 153.2213 172.9968 41.2420 544
177.3074 159.6736 107.2362 16.9189 140.7123 545
89.8327 119.3991 5.2613 36.0723 22.7559 546
82.3204 23.9859 45.1097 93.9339 88.4898 547
103.3348 4.4837 129.2022 24.6389 146.7494 548
169.3677 135.3692 145.0293 81.7879 146.2266 549
44.7015 10.5403 111.9481 7.8337 156.7576 550
124.3671 15.2992 113.2506 59.7141 25.9694 551
80.4390 174.2910 65.6943 41.2482 179.7141 552
64.7424 94.9438 95.9892 143.3825 116.0152 553
91.5302 0.0170 161.7152 84.2421 76.8865 554
34.2796 158.7677 123.5315 150.2265 64.6227 555
74.9520 128.6277 0.9885 84.3502 173.4708 556
167.5018 30.1434 158.2498 104.7828 111.3988 557
88.3153 175.5240 124.7300 77.9135 125.1064 558
128.6502 23.2377 23.2978 2.7442 107.8662 559
178.5539 39.5401 96.6301 87.7510 56.7475 560
114.0798 128.7245 4.3235 47.7418 2.4950 561
3.0250 18.3763 101.9664 122.8857 154.4355 562
92.7989 106.8193 85.2098 145.5865 5.2593 563
72.9393 139.2586 72.8044 70.8464 40.6171 564
44.7753 87.4718 25.5295 82.2125 96.7579 565
63.9738 148.9137 106.2196 63.3482 49.0411 566
1.4842 178.5658 10.1544 51.9834 20.9410 567
39.1243 74.4858 170.1033 157.1877 79.7562 568
71.5565 93.0758 23.7392 22.9990 45.3551 569
174.9651 76.3311 108.5641 152.5825 54.7101 570
116.9080 84.8966 140.6524 62.8131 137.4319 571
72.2152 99.3847 9.5063 36.4557 156.8719 572
88.8828 166.7960 115.9024 88.2822 159.5103 573
168.9308 150.3455 130.2580 142.3747 73.4723 574
94.7918 155.6580 119.4769 113.7562 42.2437 575
81.1003 86.0725 58.1125 41.9814 61.0086 576
144.7379 70.5478 58.0897 75.8772 162.8125 577
97.1586 157.2255 18.4471 132.9406 5.0923 578
124.1156 147.5215 150.2916 23.5125 23.9575 579
177.9380 139.5298 112.2754 146.3915 169.2490 580
136.3379 142.2601 49.4512 149.8415 95.8207 581
87.3915 122.9801 90.1899 47.5600 0.2881 582
57.9213 138.8222 132.0810 9.8414 120.0926 583
150.0105 76.1270 12.2989 53.7185 175.1449 584
15.2743 12.9030 51.3535 7.5333 84.0968 585
151.9765 174.7263 58.7357 98.5923 54.2990 586
136.2392 82.8581 171.7314 77.8586 134.2474 587
54.3903 104.0058 64.8528 98.3247 73.4553 588
138.4297 66.9882 168.9928 91.3998 134.1639 589
117.6743 94.0430 123.8028 27.4746 0.4009 590
56.7813 175.4094 66.7378 136.6747 5.6261 591
117.3712 59.4407 129.9685 93.2067 25.9101 592
69.2893 107.8769 121.6149 89.0828 175.9843 593
60.4239 75.2544 94.2181 150.9985 94.2630 594
1.2063 37.1509 0.2341 73.0861 147.2365 595
85.6487 108.5216 153.8716 51.3839 124.5921 596
143.7946 106.5948 151.5056 19.0894 127.5591 597
83.1854 57.8090 150.3368 56.4290 121.3933 598
95.2167 162.5238 129.6723 12.6678 21.2831 599
0.2950 91.8752 47.0032 54.8565 48.6781 600
42.8369 72.6645 2.3533 125.4608 141.2396 601
14.3162 51.6322 44.4118 173.5640 170.4097 602
179.2433 87.5734 168.7646 110.3442 148.7004 603
168.7155 141.5771 13.1570 88.2220 65.5823 604
177.7468 49.3228 113.8553 165.8575 108.1736 605
113.6418 159.0012 171.9541 161.7053 119.2717 606
17.0736 62.9966 30.1938 51.4166 132.4453 607
176.3095 28.1307 65.0521 128.7718 175.9021 608
24.3220 160.2665 122.3492 140.6770 130.4000 609
2.8991 122.2279 77.8814 71.9376 162.4357 610
177.0986 68.3061 76.3688 126.6570 76.4226 611
121.0212 148.4922 13.2160 77.0543 41.7749 612
47.6572 147.4009 150.9406 32.8405 30.2479 613
27.3390 134.8989 131.1365 49.2529 7.2744 614
84.9288 106.1287 72.6488 155.5236 69.7991 615
98.9108 106.0416 179.8904 82.8346 55.2061 616
156.5097 64.8298 124.1333 50.6973 118.1815 617
66.1770 2.3523 171.7727 22.3652 133.7470 618
74.3700 7.6456 116.2743 148.5271 151.2938 619
72.4721 29.1014 152.4256 42.2533 2.6759 620
95.4924 77.8526 58.5832 172.5464 17.9019 621
1.7268 63.3726 65.7533 106.5166 54.1539 622
154.8528 177.9322 170.0829 47.9621 95.6498 623
68.1379 24.6380 61.6039 39.3417 42.1874 624
35.0468 62.4624 122.8405 143.7935 75.7635 625
114.5459 4.3566 6.2059 49.4593 142.2174 626
52.2524 137.3552 126.3812 51.9617 95.2905 627
168.8288 15.9947 161.4368 175.7047 117.9849 628
101.4898 12.8239 150.2643 163.6696 167.6238 629
53.9724 103.5938 110.1730 160.3653 134.5127 630
62.6261 26.0206 90.7995 156.7659 58.5341 631
142.9240 164.3458 1.5003 171.9551 81.8957 632
22.7793 123.7050 84.6605 8.7551 77.1152 633
154.0631 12.8466 19.7402 95.9967 104.5439 634
103.4666 176.3588 11.6735 120.0507 33.1596 635
25.6757 49.0169 64.0706 66.2417 29.9075 636
14.7567 120.0952 58.8294 34.5228 77.4079 637
92.3902 177.4050 174.9699 95.4334 110.2870 638
66.0044 15.2115 145.0185 13.2216 169.9385 639
80.0869 54.1658 135.9756 61.3509 99.0105 640
59.6232 32.5035 12.2650 63.0443 115.9714 641
2.1726 162.5590 129.6605 172.1775 130.6328 642
50.6084 167.9154 2.7555 15.9160 147.0430 643
16.0112 88.5985 12.7468 44.2010 119.3322 644
169.8409 171.5096 107.1034 144.8789 116.1958 645
106.0194 21.3538 70.3909 126.5854 90.2795 646
119.8220 79.6688 75.7637 165.5833 11.7619 647
76.1429 27.3567 7.9934 155.9693 33.3678 648
15.0163 18.4583 36.4751 51.9646 26.6819 649
31.1672 124.7457 10.4648 67.0735 121.3836 650
27.3991 121.4686 51.2330 125.2129 62.2977 651
41.8116 18.1364 27.8786 105.6534 40.4595 652
133.4582 40.1959 1.8801 28.9461 176.7028 653
152.4661 170.0488 106.6998 77.4026 168.5083 654
140.7559 112.6422 140.7713 108.5448 31.0842 655
91.6277 51.2776 58.7399 61.6786 14.0554 656
172.0248 114.7181 100.5946 48.9475 143.2258 657
72.8392 101.4391 109.1318 13.6864 124.7219 658
99.4534 116.7840 88.0090 93.3265 123.1588 659
73.2676 100.3680 148.9443 50.0997 178.8067 660
34.2868 159.0970 13.9269 121.0995 147.5499 661
44.3004 56.2138 97.2731 178.5870 160.8855 662
167.6969 109.3047 3.9636 85.1751 23.1542 663
19.2215 126.8253 179.8586 45.2875 129.0406 664
1.8138 150.2119 57.0698 156.2238 12.5261 665
24.5526 142.7145 172.0346 34.8425 19.6462 666
83.1945 30.8739 117.7785 23.1701 155.8944 667
16.8595 16.8460 60.9496 154.3719 48.6473 668
56.9645 17.4943 75.4560 94.9414 35.7697 669
92.4679 49.2966 98.1788 107.7532 164.1765 670
90.5331 41.3806 50.3946 100.3297 139.7393 671
46.1154 6.6975 133.0585 147.2552 140.2583 672
64.5678 137.4770 138.5434 20.4425 177.2658 673
178.1392 7.4603 176.1206 6.8973 125.6435 674
78.0243 81.9421 117.0481 112.6266 13.9360 675
176.9842 57.7598 75.5614 36.1859 63.7170 676
112.7696 178.6599 61.4448 89.9576 35.7718 677
109.0712 175.7014 74.0612 70.3253 175.9642 678
28.9707 7.4022 74.9683 57.8940 94.7123 679
84.2476 128.5771 59.7411 151.2965 130.4840 680
150.7046 11.3653 154.9399 50.1722 79.0709 681
11.5785 137.3012 53.1670 49.5100 166.4423 682
51.7291 172.7660 124.6209 65.3073 95.4817 683
112.9790 32.0050 17.8760 28.0631 22.4509 684
35.4938 118.9687 179.3515 139.6929 1.7709 685
157.3274 138.7683 75.4280 14.1946 92.6219 686
26.5117 123.6206 70.5813 84.2088 68.1298 687
154.7163 68.7970 57.5396 69.7837 93.6766 688
173.4322 73.5785 83.3383 164.5284 61.6507 689
16.6404 82.2464 71.9642 98.5812 88.0358 690
26.4160 149.7930 97.2807 136.9852 91.7580 691
81.6401 82.5569 140.7986 5.6465 98.3952 692
136.2601 60.2420 106.9526 20.4544 62.0526 693
110.7359 93.3093 102.5572 75.2921 127.5579 694
24.4220 94.5159 145.9116 124.8331 46.1678 695
54.5396 7.6563 168.9354 135.7467 140.0615 696
74.7587 128.9926 121.8376 167.9532 51.1729 697
116.9844 76.0564 145.8006 78.6031 5.4753 698
150.2415 118.2883 89.5870 105.5813 79.7660 699
66.0038 173.1664 94.6453 75.7009 39.2313 700
23.1037 85.6378 95.1125 107.2183 92.4934 701
161.3945 121.4779 46.4700 12.3504 69.3494 702
32.6173 20.9340 70.0895 172.0562 87.7579 703
98.8248 125.1956 117.8835 175.1381 79.3458 704
175.7412 57.2860 89.5744 104.0548 112.2874 705
83.3687 149.3037 63.4764 159.8238 67.0637 706
103.8625 142.2984 24.3332 136.9266 177.1933 707
78.6796 144.0355 12.5932 40.8793 82.2245 708
49.2568 178.1093 51.9351 179.5841 123.3386 709
76.5439 156.5561 16.3894 101.2399 36.8933 710
5.9199 147.6126 39.8078 169.1505 55.5763 711
15.7964 171.1123 149.0793 67.5682 36.7475 712
161.1823 102.3978 98.9136 67.9080 150.5663 713
71.4592 19.1457 35.0908 114.6936 2.4703 714
79.4638 116.2489 118.1492 23.3883 147.1620 715
159.4031 43.3324 22.4455 29.5506 163.6256 716
130.4661 15.9754 4.2836 130.3968 44.8542 717
82.2190 177.7691 174.0972 92.8922 59.9904 718
146.7394 133.9246 74.1071 107.2491 88.7185 719
114.4261 98.2996 42.0573 22.4418 3.0867 720
151.0199 75.9388 172.7729 74.8400 97.5689 721
35.5978 141.5123 132.8065 87.9126 147.8250 722
145.3494 145.7712 70.7318 42.6129 67.8122 723
166.1388 113.1777 5.8101 61.0422 106.4042 724
133.8358 57.3436 102.2674 39.5750 165.9179 725
65.8274 54.4805 131.6058 114.2744 116.0606 726
3.6060 8.8375 28.1018 131.8830 48.4667 727
166.3062 108.3801 62.6720 150.0054 43.8038 728
19.9442 40.3861 162.2032 135.1200 113.7666 729
20.4767 154.5644 42.0006 77.1857 179.0966 730
0.3497 135.6569 148.5697 4.3774 155.4567 731
3.0376 47.3328 106.0299 89.3760 59.4111 732
45.4537 120.4372 73.7515 69.1465 91.6857 733
68.8289 155.1370 86.2763 119.3344 172.3176 734
31.4189 151.4076 88.0140 151.4259 18.8069 735
77.5331 3.2096 108.5217 121.3108 36.7884 736
82.5672 144.8584 56.1563 75.2803 154.4475 737
62.6469 95.7320 119.0719 26.7289 49.3152 738
134.7614 55.8086 67.5655 59.2940 33.1163 739
24.0373 22.2843 177.9731 21.0686 48.7513 740
107.4040 14.2530 88.5773 12.0873 142.9237 741
109.0569 70.1496 73.2187 7.1701 76.8168 742
23.4091 178.5844 127.5874 145.5925 8.1674 743
73.5322 27.5845 164.2277 130.5012 18.9731 744
5.5137 90.7831 152.9598 78.4382 49.4134 745
131.1094 58.6583 1.3116 131.0365 107.8850 746
85.5695 127.8325 20.2058 134.3473 21.9808 747
163.0525 154.0789 145.5252 153.9316 39.2648 748
44.4018 20.7742 142.4914 119.1016 174.0906 749
94.9301 31.2880 40.0586 167.0793 97.9660 750
71.3572 160.2675 85.6251 155.3844 72.7881 751
83.5965 92.7942 38.7463 114.4193 74.7513 752
45.6832 115.4698 90.9191 34.0700 71.9732 753
177.5094 39.9206 7.3112 65.9247 116.8856 754
75.6558 161.3972 57.4976 56.5083 179.6528 755
57.3261 118.8555 43.7675 105.0927 44.4573 756
136.5870 102.0909 137.6941 34.2562 64.4452 757
116.9291 84.1110 34.5322 125.0688 103.2146 758
52.6738 177.3942 81.8915 149.8347 151.3481 759
72.9995 118.5649 89.8011 32.2791 69.3966 760
161.7100 40.4518 152.4101 67.2490 0.2464 761
54.4463 165.1016 135.7778 114.6735 91.7460 762
120.3035 131.0944 133.2145 9.1217 32.5021 763
138.7941 90.1622 97.4967 95.4247 168.3173 764
123.5605 6.9352 4.5036 21.7373 168.1668 765
133.1341 135.6366 177.8875 169.7627 125.1864 766
34.6229 104.0326 177.1335 27.1387 137.2240 767
124.0148 172.7121 154.4371 137.7876 72.9648 768
22.7012 167.0534 75.1044 26.6456 2.3878 769
172.7242 136.2245 61.0373 154.6717 113.5184 770
18.2651 121.2723 125.7168 1.8036 98.6376 771
81.4777 21.8072 154.2285 176.2189 23.7831 772
171.5013 101.8672 120.0885 90.1282 86.9020 773
7.2871 99.5350 141.0016 14.7462 102.7172 774
84.7549 148.8166 109.9282 47.9418 106.9661 775
159.9915 159.3424 177.2602 178.0207 155.6548 776
39.1290 116.0283 149.6257 30.9636 19.2028 777
118.6534 35.0048 65.6236 178.0945 136.4236 778
93.7051 42.5222 143.3944 79.5723 30.4123 779
87.2722 25.2150 33.9785 52.8462 18.4556 780
138.9712 56.5836 84.0073 157.5979 2.4559 781
86.8796 168.3719 0.0091 90.5500 146.0838 782
142.0313 103.1429 50.9906 39.0677 51.7413 783
64.6587 40.0090 1.0036 47.3320 157.4560 784
39.8210 81.0403 49.6754 5.3092 150.6032 785
145.0780 99.6803 87.4434 128.3185 153.5366 786
166.8909 95.1169 73.5922 54.5457 51.8205 787
140.5742 50.0943 64.4677 51.6785 97.4235 788
112.9442 55.0170 167.3065 28.6189 62.2271 789
146.2271 114.1429 90.0538 155.5647 77.4531 790
110.5707 86.7021 141.1131 142.4394 46.1156 791
74.5335 12.2322 13.3122 85.0176 34.6445 792
139.9062 176.4585 97.2532 7.6169 33.8215 793
14.9504 118.1920 86.7381 75.1329 3.9941 794
43.1254 148.5505 128.8463 113.8206 10.3640 795
24.8514 159.7998 97.5498 88.1766 102.9717 796
88.2242 146.8995 163.0953 39.3561 30.9777 797
114.4248 57.4103 116.6351 160.1988 85.6648 798
152.7034 106.4077 171.6308 100.4767 47.6881 799
169.6620 122.0223 120.5962 112.7488 177.3895 800
142.6373 126.6624 23.3013 12.4280 144.5772 801
59.2796 159.6478 155.4003 63.7407 46.5579 802
36.3590 134.0566 7.3544 179.7565 69.1810 803
33.6682 24.0424 50.9793 26.3224 1.4539 804
29.2270 66.0287 42.3448 20.7517 176.0350 805
23.1458 135.6302 154.3451 9.0485 129.3899 806
115.0288 56.2372 72.5863 6.8270 100.1607 807
165.8825 63.9945 46.3817 52.2532 114.3884 808
32.8305 43.3504 102.0906 170.9960 91.9225 809
93.6012 109.5923 176.8818 53.4861 95.9399 810
41.6956 111.6697 123.8137 28.3500 168.6584 811
133.4307 38.5977 63.4115 160.9885 133.4622 812
10.7227 113.2562 90.1727 164.0770 134.6726 813
84.1194 121.7939 88.1048 25.1011 123.7999 814
24.5326 37.0566 129.2885 77.1738 45.1187 815
168.1212 162.0600 83.5164 1.9143 171.7576 816
113.1390 102.7337 147.5906 23.2616 48.1982 817
89.7003 55.0244 172.3673 70.7451 48.0566 818
103.6851 58.3906 56.7493 157.7600 135.9004 819
178.7887 98.6502 105.4501 45.6302 140.5719 820
9.7500 50.2842 139.5006 48.9065 91.9899 821
88.8636 31.5121 41.6561 130.8647 95.5884 822
17.8298 147.3424 18.1584 158.5776 96.4564 823
56.1062 48.2859 71.0695 82.1270 48.9521 824
139.7041 115.4300 91.1163 138.8425 55.8422 825
129.0299 17.4586 151.3323 131.9206 150.6731 826
61.4495 123.3892 21.8619 144.2312 137.3937 827
152.4998 122.1048 8.7646 93.5558 159.6740 828
60.4670 148.9737 164.6794 122.8481 95.9986 829
39.5853 153.0877 99.8430 144.0035 21.4034 830
46.9388 22.5244 5.4533 94.8368 150.1577 831
138.8495 40.7839 160.4007 43.1957 159.6265 832
161.7043 115.5927 101.9055 61.2210 120.6618 833
104.3438 159.2834 173.2315 110.1053 133.7710 834
51.7199 140.2130 142.9930 167.3877 118.6743 835
41.9521 32.6246 159.0125 163.7603 118.9050 836
145.0873 127.5855 35.2931 161.2744 78.0567 837
75.6745 178.2351 136.0781 88.4367 6.3917 838
108.8718 71.4265 168.8831 162.0342 85.1345 839
91.4393 142.4869 69.7131 56.1806 44.5482 840
17.0926 110.9535 57.9512 126.6990 8.0605 841
102.8345 64.0366 7.1314 25.8078 149.8762 842
110.9434 47.9665 112.7707 87.3631 41.9154 843
127.2794 111.3168 12.6680 1.2392 117.9122 844
59.6354 33.8858 9.0254 148.5058 30.2357 845
108.8578 79.2326 63.7069 8.8233 30.3191 846
115.4159 8.6885 176.9048 60.5411 67.2841 847
31.0637 155.6345 177.7819 60.5564 51.1694 848
66.5440 93.0052 0.8644 162.5447 49.8972 849
64.0302 169.7521 99.1919 179.6982 72.4003 850
68.9431 91.9507 57.7792 81.6764 126.8787 851
82.2724 39.6254 50.6066 63.4485 114.3432 852
55.0590 123.6193 110.3696 124.2461 81.5978 853
127.9508 170.0249 122.3690 162.1723 92.5387 854
112.8934 140.2304 121.8477 122.6116 28.3780 855
124.1214 119.4124 55.5992 76.9585 160.8086 856
27.1443 126.9481 26.4614 26.2410 33.9803 857
165.8440 5.3614 55.3655 138.5164 54.5809 858
114.2842 150.8514 56.9146 18.3087 137.3984 859
51.2436 74.8401 145.1341 29.5885 130.6115 860
119.3715 20.8460 85.6131 19.8356 83.2284 861
135.0354 126.9726 90.0992 179.8706 64.0354 862
19.5205 159.2766 147.5182 150.7879 128.5489 863
61.8594 65.4276 76.0030 118.8418 82.9788 864
158.1023 68.0833 43.1384 106.4388 68.7048 865
11.4404 168.0983 38.2485 177.9642 51.8854 866
132.4534 149.1464 66.7149 34.5157 1.1984 867
45.6504 93.2316 166.0637 94.6392 121.3473 868
86.8060 24.4991 23.6213 135.0613 122.8581 869
128.7582 168.0300 92.7286 11.5557 27.2504 870
108.9112 53.2398 37.1207 19.8837 10.6695 871
125.5740 26.6146 124.5163 65.4160 60.6819 872
165.1736 103.9765 158.1329 17.9148 57.0763 873
55.4750 110.5296 92.8190 162.8786 159.6355 874
128.0069 156.2461 115.5516 31.1408 148.1278 875
12.3835 122.2696 77.8031 156.6695 3.6753 876
156.4803 134.7130 129.7957 7.4385 26.1792 877
128.6604 150.1601 171.0154 39.7647 67.6722 878
158.9184 58.4129 137.1954 164.7328 40.2842 879
91.6510 174.0262 132.6074 94.2294 3.6676 880
126.0770 49.3817 37.8655 59.1180 153.9868 881
133.8669 5.2554 2.5369 98.4196 92.9095 882
54.5273 123.0429 170.0267 136.7196 47.9450 883
92.6714 142.5160 99.5829 17.3258 32.7915 884
82.1403 115.8670 50.0558 107.6120 122.5460 885
59.2965 130.0497 175.9514 146.5950 73.7674 886
94.1140 68.8996 1.2338 10.4329 2.9674 887
27.7640 120.4826 9.2112 162.9547 118.7819 888
170.9299 143.0733 127.8640 19.5855 92.7476 889
146.1217 112.3591 11.6027 141.9204 97.2073 890
32.4724 1.5405 113.4143 176.8725 101.7000 891
176.0735 164.9625 120.4348 31.8087 162.7437 892
169.8259 112.4708 94.7717 107.5002 97.4844 893
0.5222 45.1803 131.5959 53.1967 174.7957 894
6.7646 132.1628 142.9630 21.9487 112.6456 895
54.3930 83.7554 60.4956 21.3582 152.1757 896
73.1272 37.0994 153.9886 75.6036 170.1300 897
77.3554 130.1162 113.2474 55.1134 76.5612 898
168.1540 16.3509 13.3304 106.0259 163.7500 899
64.3414 132.6208 40.5044 132.1248 61.4190 900
70.8866 25.2336 113.3881 62.6796 179.0819 901
134.6781 3.8882 34.5678 77.8232 167.7544 902
16.1396 85.0418 54.3839 6.1780 106.4269 903
88.3881 135.3838 62.6905 38.8532 78.1099 904
124.6207 56.7017 11.3135 109.1462 35.2751 905
80.4720 7.0526 106.2707 90.0642 121.8096 906
6.0824 9.9971 147.6763 74.3169 160.5964 907
129.6439 18.1553 60.4352 117.7853 165.7367 908
46.9089 41.3385 129.0899 146.4509 136.8908 909
104.3932 9.9012 115.1804 177.0248 99.4983 910
2.1378 76.7706 77.7268 127.5572 48.2436 911
123.0866 149.8097 153.3023 42.6613 61.7074 912
21.9719 40.0133 104.4629 154.0807 151.4979 913
22.6037 158.0351 25.3819 85.1488 117.0989 914
98.1704 106.3420 72.5780 59.1145 14.2782 915
137.4910 141.7742 172.6912 7.7195 169.4401 916
1.7496 106.2961 177.2859 12.1701 166.9225 917
13.4853 5.1294 6.4403 95.7190 17.8567 918
5.9062 154.6946 18.9596 23.2469 50.1103 919
44.6714 59.2368 65.9387 178.9396 178.5586 920
56.3460 106.6331 10.4760 122.3338 176.6312 921
163.3603 19.0147 102.2134 60.3305 130.6372 922
138.9197 5.9033 174.7957 172.8074 173.5550 923
172.3961 100.8028 26.6955 134.6721 95.7880 924
140.1454 143.3259 81.1060 102.0588 86.9199 925
97.8656 117.1454 2.9621 160.6348 35.0344 926
108.9653 23.7698 3.8601 115.4992 116.2892 927
42.9388 151.6965 174.8170 134.1462 153.4696 928
25.1018 159.4757 112.3972 149.3276 169.1988 929
2.6334 174.8615 133.2295 177.7528 79.4949 930
138.6026 115.6946 138.4794 11.0001 137.8412 931
49.2162 98.0536 37.1178 78.3543 157.8333 932
42.1061 124.0915 71.0003 132.3241 19.8235 933
100.1746 8.4419 95.1575 19.8618 99.6233 934
149.1944 90.2992 161.8404 114.6783 41.4108 935
8.1421 88.0606 135.4024 114.3266 129.0998 936
95.6072 104.7403 114.5694 112.1852 138.1614 937
172.1883 19.5770 108.2670 171.4622 144.7813 938
128.8945 29.3895 29.3660 72.0169 49.6562 939
7.9278 82.3950 11.0247 158.2321 106.3640 940
3.9854 167.6695 161.8286 160.8605 110.8598 941
37.5061 126.6684 86.1638 51.4599 58.0854 942
15.8967 156.6199 33.8789 4.6334 80.6033 943
57.8412 65.3008 42.3744 22.6713 8.5316 944
5.2823 156.7273 84.5423 41.6542 116.7735 945
177.1499 90.1118 148.3521 153.0539 107.0343 946
149.5101 172.8522 72.4898 136.9525 70.5376 947
134.7665 172.7086 94.5923 28.6939 155.3963 948
100.9197 88.0558 101.1388 120.3791 158.5061 949
157.6162 6.8737 93.8865 41.5431 157.3311 950
20.2500 167.3691 102.3497 160.7226 131.1138 951
52.2162 118.5711 158.6766 18.1572 92.7549 952
172.9044 31.7288 174.5386 1.0892 134.9890 953
144.9933 116.1447 45.7402 111.8183 166.5360 954
144.4758 86.0571 27.7895 86.0666 172.0235 955
81.7486 90.4231 88.1608 56.5367 56.4352 956
1.5972 44.6445 108.8879 119.0722 107.5319 957
12.4110 176.6539 13.0706 131.1411 123.0738 958
22.1673 104.9762 39.6718 164.3842 177.9492 959
56.3221 136.0487 40.6378 64.6127 165.4865 960
31.3184 52.5787 140.8807 69.8084 154.3990 961
18.2085 15.5153 164.8711 68.2006 112.2932 962
5.2239 7.7881 53.9959 91.5198 2.9514 963
64.8984 61.7179 22.1546 11.2843 103.5136 964
1.3261 15.0209 24.0585 31.6329 138.2931 965
104.2554 50.9126 73.7394 60.3863 23.9644 966
166.1969 107.9976 34.5055 171.1802 108.5529 967
36.2784 9.8558 103.4493 143.4630 111.4420 968
167.8508 87.2283 28.6835 28.7999 36.6779 969
110.8170 176.0343 131.1519 128.3469 76.6808 970
109.4609 77.4491 6.3561 145.1441 133.6857 971
73.9618 42.5794 143.6405 13.0692 102.8581 972
67.8598 136.6121 153.9374 155.2300 42.7334 973
143.1577 68.9221 162.4114 66.5959 67.7134 974
72.6426 89.8630 93.5560 136.5091 22.7072 975
136.6546 116.8025 59.6377 104.1968 85.9819 976
16.0332 15.9520 127.5153 108.8866 132.1747 977
159.8764 168.9177 60.0412 163.3414 73.3606 978
165.0604 31.5648 53.0672 109.1320 43.6178 979
112.4750 125.5403 103.2576 132.5753 137.1972 980
86.2158 149.7538 171.6601 73.7947 139.3490 981
161.2384 60.5806 161.7498 78.7158 132.2492 982
69.7512 143.8832 98.0280 20.6528 42.8687 983
48.8957 5.1575 43.4265 102.7333 61.9440 984
86.9366 16.2672 173.9732 174.9035 170.7421 985
60.0862 117.6020 53.8152 106.2918 154.1619 986
4.0119 78.0413 134.9100 89.3423 61.7036 987
85.0334 91.5385 98.5934 37.1526 64.0925 988
141.3209 97.5729 107.8105 123.6223 14.8371 989
125.0077 111.5881 1.8641 143.3715 89.5097 990
21.3737 133.2572 89.9432 118.6976 23.2269 991
133.9829 168.9079 90.6542 169.5878 36.2447 992
52.3096 75.1967 50.1106 168.1976 47.8185 993
8.8391 85.0847 142.5893 45.9347 104.8899 994
16.9296 55.5014 18.2517 36.8165 129.3438 995
125.9937 169.3006 6.5231 55.3436 31.2597 996
46.5945 85.2232 161.1773 150.8346 39.7283 997
129.5061 32.7445 73.0092 27.2654 51.0840 998
168.9912 47.7930 109.3848 88.3743 77.4657 999
9.5144 111.2746 178.6876 152.4196 31.3104 1000
60.2913 174.7027 0.6564 40.4519 153.9604 1001
62.0346 54.2679 38.4370 45.5967 31.2939 1002
112.1216 121.0699 7.1836 17.2388 139.5059 1003
99.7876 155.1904 24.1536 121.4534 89.7292 1004
45.5347 93.0761 2.2413 177.2415 124.8185 1005
87.6678 48.8112 23.3156 170.9766 121.2704 1006
67.9907 96.1428 30.0346 50.8184 146.1333 1007
41.0947 95.3384 46.8457 19.8363 173.6295 1008
48.5896 122.1020 3.7896 146.5808 111.4682 1009
151.8431 93.1882 158.5126 19.2670 26.8897 1010
23.6749 69.6878 168.9425 160.6778 22.9409 1011
173.3263 91.0566 138.7352 117.8721 102.0745 1012
173.6569 148.6444 120.5572 116.1519 101.8066 1013
50.3012 121.8476 55.8948 2.0700 94.8661 1014
30.0045 66.8637 86.0967 174.7388 46.2833 1015
151.5961 177.5693 135.2109 39.2872 26.1402 1016
146.8282 149.2435 111.7691 1.0973 146.4767 1017
83.2559 52.5518 166.4863 6.6978 171.2731 1018
100.6906 2.7901 82.7822 160.6992 138.7896 1019
126.9489 136.8875 104.7793 22.8408 63.1899 1020
82.6656 45.9846 46.9497 3.7978 163.0043 1021
58.0224 41.7339 64.1779 161.3311 167.3626 1022
131.0141 141.0955 154.9413 75.4382 4.1374 1023
45.3663 82.3250 28.3295 14.0621 48.0994 1024
14.5601 128.6442 79.1956 86.1846 55.2997 1025
170.4475 122.8241 77.2511 143.1186 79.7151 1026
42.6966 130.2250 99.9917 25.0113 88.1694 1027
42.3588 15.9100 119.5703 128.2095 146.6458 1028
27.5980 73.4504 144.4341 134.2952 81.7965 1029
169.9051 74.3548 156.1940 125.6837 139.7194 1030
7.4180 75.4058 53.5064 116.3062 46.1701 1031
88.0042 108.6536 117.9574 38.6352 74.1220 1032
172.1822 19.4542 27.8090 78.5326 160.2994 1033
22.0028 134.0963 31.3659 130.3186 161.4813 1034
95.3816 124.2503 67.9930 75.3459 70.8527 1035
23.0405 87.1631 40.6058 108.7453 152.7564 1036
175.6602 4.9203 115.2332 46.3106 41.5668 1037
147.2809 38.8373 124.2479 177.2196 42.9431 1038
63.7892 26.5947 115.4458 26.1358 113.1560 1039
27.7059 14.9229 1.7482 66.5674 144.8034 1040
179.5088 57.4671 58.0290 128.0755 45.2892 1041
101.1710 3.8456 45.8555 14.2670 29.5061 1042
86.6553 141.7560 96.5969 155.3342 37.8737 1043
99.4297 37.1771 106.3442 24.1861 96.7114 1044
158.1820 98.6579 87.4367 45.7979 23.5455 1045
62.0966 147.4321 98.8868 6.9166 41.6018 1046
112.1832 88.7642 71.3942 19.9901 5.9414 1047
102.6546 12.1276 103.7526 97.9421 61.9902 1048
14.5180 112.5502 49.3025 85.3830 178.4534 1049
178.3590 120.3304 148.5534 143.7157 40.5553 1050
177.7774 118.3466 109.6433 12.1767 12.1281 1051
13.5853 59.7597 94.2175 16.7609 72.3717 1052
8.1236 164.2811 130.2285 96.9389 137.5088 1053
56.7347 28.6989 107.3679 158.9932 124.3122 1054
55.7167 122.0169 157.5646 93.0102 124.3264 1055
104.9123 141.5370 20.7916 138.9400 130.2204 1056
109.9070 41.7293 98.0801 77.8137 118.0845 1057
82.9566 23.3589 73.4670 44.7283 156.5209 1058
47.1728 88.1691 112.9533 93.9358 102.6077 1059
7.3095 3.0362 145.5898 55.0141 90.8750 1060
96.3394 46.9931 13.4031 134.4462 176.8108 1061
43.0444 144.1380 171.0320 75.3550 108.4302 1062
98.7149 85.1880 61.4478 87.1769 11.4470 1063
94.2772 78.0905 123.3761 145.3631 86.9370 1064
154.8920 163.2643 66.6176 127.5322 162.1588 1065
11.9032 10.8112 90.2476 117.5491 75.0504 1066
22.2921 155.2712 152.4261 25.1638 126.7730 1067
178.0703 77.4259 135.4545 115.9372 38.4597 1068
61.9418 14.7687 71.2009 42.5692 46.2312 1069
175.6324 53.8112 113.4010 148.5952 93.0923 1070
101.9832 16.4159 154.9100 161.4152 151.7797 1071
155.5385 56.8413 14.4517 139.5161 55.1027 1072
152.2693 93.3043 58.1004 95.1791 116.5153 1073
68.6227 132.4523 16.6532 41.7589 115.3563 1074
146.7380 85.5230 97.6187 103.8961 162.5532 1075
62.4886 136.8828 156.4818 51.2531 151.3569 1076
130.2732 14.8446 67.0325 69.2562 127.6284 1077
42.7858 43.1093 21.9401 157.9126 83.3784 1078
5.4738 35.9133 23.5142 19.0455 80.3721 1079
96.8802 86.9050 122.3977 12.7283 69.1586 1080
155.4849 138.4567 164.8229 66.5730 63.0512 1081
136.8279 101.8701 10.1592 127.4002 6.3869 1082
74.4595 25.7680 88.1609 102.8658 31.8204 1083
146.0658 87.5786 67.0482 118.6231 121.7070 1084
16.9550 104.3308 155.6277 72.1423 148.3112 1085
103.0079 38.0897 142.8668 50.4807 40.7289 1086
134.4460 74.8786 39.8655 105.6752 29.8974 1087
71.0945 60.0516 83.4349 110.1551 179.5456 1088
122.0510 82.9369 149.4114 11.4116 140.7520 1089
148.4625 129.3007 96.6434 35.9901 37.1605 1090
70.5697 93.7626 62.3858 28.4236 28.2131 1091
35.4110 125.9241 85.2998 33.2924 98.7685 1092
105.2067 94.1395 81.9220 140.8666 14.0299 1093
118.4146 40.9017 32.7100 178.3285 44.1867 1094
115.0282 138.0790 120.0745 5.5637 130.7036 1095
50.9141 44.3666 131.6679 50.1860 89.1718 1096
39.1577 36.8179 130.7776 140.4380 12.9486 1097
36.9897 21.2473 5.2394 105.8674 69.4757 1098
38.6902 139.1631 12.4431 139.8608 107.3703 1099
143.8187 162.4544 12.9285 115.6664 23.7696 1100
15.3500 120.3979 139.8130 130.7745 135.6613 1101
146.1608 119.7580 134.9239 24.9716 52.1655 1102
10.6682 80.0077 155.6582 112.5480 93.1183 1103
67.1834 143.3158 22.4659 91.5481 8.3057 1104
113.6582 101.5438 22.8256 100.1499 99.8042 1105
137.2171 163.7864 91.9525 177.3218 125.9824 1106
101.5797 51.4207 40.6266 158.9063 150.7027 1107
94.2792 64.1988 101.4682 44.3073 112.1225 1108
45.2809 118.3545 160.0124 146.0008 7.0809 1109
132.7396 176.5445 158.4641 121.2040 38.2486 1110
128.8645 173.7580 131.5621 3.5653 8.6840 1111
163.1067 93.5681 38.2085 62.9432 52.5524 1112
18.2565 134.2409 0.4266 52.2903 154.2457 1113
2.6913 70.5197 117.0556 93.8215 52.5207 1114
129.5664 4.7646 55.7920 16.6556 164.6730 1115
137.8862 45.1501 54.8913 140.3431 81.8972 1116
170.7368 132.8887 96.1244 136.5608 93.0986 1117
12.0344 13.8033 129.9156 48.2992 50.7075 1118
160.6115 149.1990 102.6622 111.4342 14.2543 1119
162.0522 87.0811 124.1649 119.6856 129.7002 1120
132.5065 87.4598 178.5340 7.1901 153.6146 1121
86.4842 167.4142 121.8725 148.1302 66.0324 1122
20.0928 79.2025 97.2898 100.6725 99.4024 1123
162.1935 175.4272 64.5853 134.2732 66.1921 1124
167.1589 120.9871 114.6277 133.1202 81.4921 1125
145.9441 72.9784 154.6935 91.8640 77.6708 1126
115.4574 172.8640 58.4662 39.9850 87.8342 1127
122.2953 169.6465 177.4386 92.8737 80.9142 1128
35.4508 74.9245 109.5516 128.8814 80.9523 1129
12.0338 97.5643 151.4114 114.8017 100.8478 1130
77.5220 119.4951 126.4263 5.9221 10.6624 1131
53.6422 113.4145 140.6996 114.8616 9.2657 1132
40.3000 76.8763 98.2077 78.0036 35.0924 1133
103.0654 127.6434 89.2163 148.7753 151.2396 1134
113.4653 36.0320 169.8804 48.0344 112.6987 1135
49.4146 19.7971 59.8560 124.7942 63.1862 1136
134.0281 121.8013 67.4238 112.9579 44.1853 1137
23.8814 134.4755 177.6677 144.4012 67.9514 1138
152.6920 133.3139 12.0811 107.5844 157.1176 1139
93.3779 1.3233 101.9454 47.2122 139.3282 1140
35.0424 179.7268 145.2012 3.0808 8.0870 1141
45.7024 176.5266 51.9422 148.3495 88.2329 1142
62.0173 76.6635 80.4417 56.1964 140.4349 1143
60.4821 8.3655 91.2813 149.5494 70.1007 1144
4.5509 76.8787 25.7759 106.3725 119.1084 1145
159.0341 22.3897 155.8900 155.8954 165.1743 1146
151.6122 167.2889 50.1210 151.6960 151.6091 1147
60.0318 109.5523 148.1321 175.0523 74.3093 1148
161.8005 163.9264 113.5712 13.2540 131.2284 1149
38.4968 80.1915 141.5913 50.1827 115.0385 1150
35.4729 176.2868 99.6464 12.6472 93.7996 1151
136.2095 80.4513 149.9038 125.0331 21.4041 1152
59.6072 145.5602 67.6136 42.8653 171.3623 1153
170.4739 53.2492 1.9913 63.7338 145.2295 1154
53.7833 94.3635 165.1451 75.5799 67.9976 1155
2.3931 110.3285 79.4042 66.7103 11.4046 1156
156.3129 98.3899 61.2441 13.1991 91.7957 1157
178.8383 45.3600 175.8457 123.3676 105.0014 1158
71.1203 107.8679 166.6765 116.9512 123.0021 1159
57.0347 39.6200 170.6513 52.8060 56.6044 1160
3.1594 18.5895 78.4327 38.9996 25.3257 1161
174.2431 47.5042 113.7602 160.3649 14.6064 1162
151.7863 112.9300 84.2295 67.1657 40.3139 1163
156.3152 92.0064 68.4135 142.7282 167.9717 1164
27.1584 102.3187 161.5354 89.5448 44.6539 1165
11.2332 133.6248 117.9326 172.0265 162.5514 1166
135.7183 144.2735 177.2377 11.0457 121.4653 1167
113.3389 176.5666 69.4801 56.3312 7.9024 1168
77.9391 178.4989 26.8806 171.2133 62.8334 1169
31.6647 144.3946 173.5601 177.3868 126.3479 1170
32.4587 122.1675 171.4423 6.9209 70.7271 1171
58.0178 136.3620 130.8462 177.7019 105.9326 1172
34.4615 146.5472 128.6833 41.8225 118.5280 1173
123.8169 99.4686 134.8842 59.3813 72.3180 1174
78.8830 12.5610 151.4545 130.7783 107.0874 1175
53.4329 17.8062 130.4923 109.5252 6.6410 1176
13.5587 26.8483 167.8023 4.6241 83.9761 1177
172.8441 156.6395 28.8602 120.7935 87.6718 1178
121.7053 65.9943 20.7583 86.5766 116.9086 1179
85.2078 59.8270 9.5519 30.9442 83.3730 1180
127.0836 105.9105 33.9777 12.1007 146.0040 1181
172.3615 29.0442 155.4628 41.3682 63.3508 1182
32.2576 114.9454 45.1688 111.3015 88.1009 1183
80.2412 24.7492 38.7727 58.7849 177.2937 1184
96.9890 97.0789 138.0264 64.3548 128.3963 1185
60.2076 116.8292 106.5140 56.8622 155.4904 1186
8.2160 111.3680 142.4794 66.0684 55.2087 1187
73.0925 5.7927 37.4188 125.7429 137.4320 1188
62.4704 158.5774 166.6012 4.6620 57.0729 1189
6.6090 153.6491 166.8180 26.3148 21.3126 1190
10.6071 70.7242 133.1671 62.0119 115.6513 1191
21.3827 98.2192 107.1852 121.5205 35.2535 1192
160.0010 160.3644 36.6471 70.1559 170.6790 1193
167.3468 73.1734 43.7015 29.8445 174.2267 1194
56.5628 44.0472 11.6744 53.4936 76.3399 1195
178.2736 70.7091 0.2329 110.7615 68.7563 1196
86.5431 152.7371 29.6428 129.7723 24.6816 1197
51.7898 100.9003 20.6506 82.5604 30.5766 1198
101.6459 16.3204 31.0303 157.8694 101.0012 1199
12.2504 18.2502 101.6349 67.2326 62.3779 1200
104.4894 82.9975 164.3425 174.6714 10.3443 1201
112.9326 158.8675 172.1583 52.0412 51.9819 1202
121.8004 68.6785 88.2918 158.7807 92.7900 1203
7.7011 78.4689 112.3040 165.8360 103.1070 1204
164.5824 19.3755 21.4432 95.8152 149.2414 1205
4.0220 36.8021 8.0787 139.6144 96.8151 1206
12.0107 129.5346 6.0684 77.6405 163.2262 1207
53.5031 114.1757 120.0084 166.5387 179.4279 1208
127.8039 85.4735 22.5126 79.3013 100.6295 1209
12.9523 164.2791 164.2201 163.7410 124.8584 1210
46.2680 165.2249 14.0310 84.4948 153.1667 1211
67.8864 48.0951 147.7498 9.1317 84.5379 1212
3.0629 104.0238 148.7797 50.7624 89.2822 1213
172.2899 157.9874 19.8452 5.6387 171.3808 1214
48.3625 52.6393 13.4678 9.4008 104.9766 1215
135.2641 62.8871 46.2882 112.5679 62.9006 1216
147.7944 43.4925 65.9677 146.1873 54.8582 1217
164.5938 179.5415 89.9264 57.6689 3.9384 1218
128.0152 33.3113 152.1981 68.5040 115.9607 1219
101.3543 2.6541 133.0055 66.0612 133.4193 1220
97.5204 1.6514 0.4482 27.0421 20.1865 1221
109.2043 114.5685 147.5944 21.9911 162.6809 1222
101.9002 85.9791 21.8975 149.8563 94.5494 1223
112.2116 106.6619 110.6199 56.9987 31.5703 1224
115.0151 100.4872 150.2634 15.3395 48.3384 1225
117.3760 150.1405 136.2180 36.5047 10.2594 1226
76.2170 44.7891 169.9186 128.5011 153.8022 1227
19.3760 21.0956 76.4633 5.7057 83.0962 1228
178.7232 84.9211 65.3346 6.1407 20.3538 1229
86.8354 52.0880 2.8846 153.7774 43.6366 1230
163.4327 115.0685 95.4231 130.3934 105.2993 1231
20.2401 106.8074 92.1565 145.2104 50.4427 1232
123.1159 101.0166 159.6489 46.8095 50.0595 1233
150.6884 3.4923 108.9056 161.9349 98.1331 1234
42.0600 167.5368 43.3588 94.7337 162.7606 1235
44.3585 36.2701 133.2444 124.9651 58.6743 1236
148.7840 139.4987 23.4686 120.8421 65.9531 1237
48.5142 149.1141 146.0663 128.2629 10.3272 1238
124.5609 163.4862 162.5542 150.1933 22.6204 1239
16.8862 112.9229 50.5068 106.7935 92.9434 1240
57.7137 81.4651 52.7744 0.6984 31.5960 1241
121.1312 19.8823 147.0060 121.8678 56.5571 1242
65.0295 44.1681 32.1455 134.3921 64.6218 1243
89.7940 95.1137 25.4957 72.6535 4.0390 1244
108.2704 3.3552 134.7692 97.7218 44.6145 1245
108.6927 91.9324 135.5520 51.1438 35.7849 1246
178.9836 178.6188 166.7486 29.9133 105.0297 1247
67.6698 22.7770 146.8890 173.5952 79.1148 1248
163.8251 119.4426 160.1486 89.8028 92.5291 1249
108.4437 117.9997 100.1715 19.1199 46.6062 1250
145.6927 11.9540 22.0338 86.3467 8.9972 1251
56.1325 169.2037 143.5904 103.1305 93.7860 1252
66.9771 100.7853 76.5940 160.6125 25.6984 1253
118.2338 105.9330 83.2828 9.9436 94.5999 1254
86.8640 25.1771 101.1582 92.9421 34.9706 1255
150.6016 65.3917 173.3219 36.8677 120.2936 1256
120.1275 96.0792 161.4736 21.3530 149.4890 1257
165.3264 43.2324 86.3593 135.5399 65.3084 1258
50.7083 125.4646 8.3319 85.6445 66.8109 1259
145.3248 81.8557 137.7361 65.2285 19.6670 1260
75.9848 154.2989 37.8452 172.6617 135.2490 1261
122.4272 162.5802 51.2316 79.0504 135.6874 1262
119.1418 150.9196 145.9068 78.3902 139.8487 1263
168.6972 24.8616 49.9246 177.3547 34.5726 1264
174.9280 112.1285 171.6911 41.5702 18.9728 1265
114.7538 134.7435 163.0827 85.0918 142.9847 1266
33.2989 174.4564 28.6491 59.8376 75.8868 1267
33.3434 141.5563 166.6440 23.1000 177.7805 1268
118.8852 165.1770 104.1823 47.1431 162.2359 1269
78.8926 155.4609 23.3680 102.8344 118.3019 1270
117.4734 177.8435 114.5723 29.7194 67.5717 1271
153.4752 75.3543 145.2864 77.8842 124.8100 1272
146.6049 171.7519 32.4211 52.1701 137.0417 1273
54.7351 58.1128 104.9543 16.0615 144.7864 1274
80.0133 139.2030 14.2573 102.3359 64.3178 1275
142.6358 69.4841 93.8740 106.1523 171.8693 1276
100.2052 35.8550 17.3156 9.7122 153.9530 1277
161.7934 173.4367 89.5304 13.8807 179.3249 1278
159.2563 132.7277 134.8427 152.4944 103.8951 1279
135.6607 87.8800 17.4547 80.9893 173.1009 1280
14.0648 116.5345 63.7695 46.5515 153.2226 1281
8.5948 121.4597 48.4988 92.6445 131.4227 1282
49.1570 135.1549 115.6547 116.8913 75.3850 1283
68.9126 136.8179 60.9637 86.4258 171.0942 1284
11.5435 172.7061 105.3349 133.4932 78.3914 1285
142.5161 149.7163 114.5018 170.6890 25.3775 1286
143.8608 49.8919 104.8275 43.2391 23.9000 1287
49.5961 175.6699 67.6553 140.4410 149.2661 1288
32.0656 44.5017 163.6575 122.0495 8.1188 1289
8.0096 91.4433 149.2377 96.2795 114.8522 1290
25.4295 46.5492 74.2200 107.1033 119.5568 1291
154.5773 115.2463 76.4686 23.6950 122.8951 1292
50.3457 97.3694 101.4615 125.0163 43.2169 1293
151.7882 27.1661 41.9827 140.7414 72.0605 1294
53.4059 178.0713 61.0610 155.2368 127.6057 1295
165.0483 26.8701 156.7978 4.8305 24.7352 1296
151.3150 165.4850 151.8661 106.6327 67.3796 1297
94.1328 168.3915 113.5348 59.2271 135.5993 1298
155.5830 117.2032 140.3291 118.8552 49.6468 1299
175.4195 124.9669 36.0456 95.1893 6.6826 1300
139.0719 103.7780 139.9761 123.1681 65.1847 1301
153.8418 86.5230 179.2876 53.2640 129.5598 1302
125.0180 6.9795 135.1175 27.4224 101.4781 1303
125.6027 54.7543 49.0570 26.9089 145.6610 1304
94.7480 142.6085 30.8207 90.3160 117.0225 1305
0.2838 74.5897 171.6728 139.7548 153.0168 1306
130.0863 62.5691 48.6522 86.8376 20.3620 1307
132.2209 161.5694 83.8409 152.0106 73.7584 1308
160.8111 18.5638 8.4787 14.7963 133.1150 1309
58.7730 76.3397 10.2677 70.9126 71.4873 1310
91.8000 33.1328 89.6310 61.0396 122.3693 1311
62.8758 1.5476 52.8662 21.7118 119.1116 1312
17.1273 8.4870 11.0309 178.3170 33.3619 1313
165.6811 121.8107 37.8490 22.8639 53.6676 1314
43.5091 84.5829 27.3151 77.8450 29.4718 1315
140.6230 42.2692 165.0718 81.4398 169.1794 1316
112.0707 125.9971 78.7002 126.4016 106.8614 1317
175.1126 157.2118 58.5663 18.8515 2.9340 1318
175.7071 171.1117 104.2066 22.9493 92.6628 1319
31.5159 115.2200 119.1878 91.9318 22.6388 1320
139.8191 120.0859 156.2693 148.3341 146.1450 1321
22.7957 130.3112 152.1166 93.7262 172.0463 1322
1.4794 136.3057 169.3491 57.7077 88.4961 1323
142.9421 36.4300 108.0088 25.5398 42.0335 1324
23.6448 40.5796 9.9934 76.8214 46.1395 1325
18.2209 7.3178 146.0636 51.1674 17.9932 1326
156.6539 179.1077 158.9454 172.8412 22.8631 1327
166.0000 51.4231 173.0934 161.4152 78.9066 1328
100.7253 102.0458 177.4410 174.3421 3.4232 1329
69.7727 90.7445 93.3220 162.6531 16.3580 1330
127.6297 48.7118 107.7492 2.6436 137.0100 1331
82.0291 98.2289 60.0948 16.0406 48.1017 1332
155.0632 82.1858 35.5535 139.4121 147.9252 1333
104.3308 49.2919 55.5020 86.7796 50.2271 1334
81.3376 61.0729 72.0072 101.2290 135.3594 1335
125.4411 22.1590 156.0559 18.4869 87.1742 1336
112.1918 142.6012 1.5673 111.1791 19.1048 1337
66.1388 94.6126 71.2760 20.1026 112.3055 1338
17.3095 132.8564 52.9778 138.7862 75.2972 1339
142.0471 77.7201 144.5148 3.7394 89.1392 1340
179.0528 168.4805 50.6070 57.7976 160.9705 1341
12.6936 142.1871 171.6504 168.6538 145.3852 1342
26.4577 65.4113 0.4200 97.8795 106.7204 1343
137.0817 13.6105 33.0606 24.2217 128.3422 1344
7.3364 159.0210 92.5968 160.7221 121.6273 1345
115.7454 175.9920 95.0706 26.6349 100.3990 1346
74.9893 156.0721 144.1434 142.9261 170.8487 1347
22.3080 24.3434 2.2548 171.0931 136.5116 1348
90.7268 38.5377 53.9247 24.2738 124.3359 1349
56.4589 171.8465 108.7681 145.1292 79.7411 1350
72.0907 78.8912 125.3155 72.0895 32.2155 1351
51.9243 14.0207 160.8350 176.0748 102.4436 1352
165.4222 161.4580 148.7522 9.0221 74.1827 1353
121.0925 97.1897 134.0081 5.9661 150.7431 1354
63.4967 90.4235 34.6217 178.1990 72.6289 1355
136.9819 87.4619 114.6185 53.5594 155.5098 1356
116.6955 118.8207 43.7722 153.4994 151.0384 1357
5.3944 16.8872 173.9783 34.0651 17.2287 1358
138.3668 136.8003 67.8202 118.8475 87.1841 1359
47.6524 130.9005 126.4840 131.0854 159.3297 1360
175.3102 175.6745 163.6656 150.4109 24.9546 1361
129.6126 90.2852 21.2401 23.4204 49.7638 1362
59.7944 87.8602 133.4023 86.9007 122.5995 1363
137.9111 29.2016 106.5936 125.5513 166.1307 1364
89.8469 115.2317 60.0566 117.4823 178.7503 1365
81.4535 75.5144 15.1365 106.2822 23.7675 1366
113.4949 130.7848 71.1642 157.7003 24.8245 1367
2.8627 162.3415 84.5787 0.6109 35.3150 1368
115.8943 33.8323 176.2177 22.3911 9.3646 1369
92.2871 125.4947 110.4524 124.3156 29.4174 1370
175.7228 179.6483 43.2828 64.9199 88.5998 1371
39.8857 12.8131 102.1916 44.3915 131.6749 1372
11.6801 75.0017 89.4831 97.4424 58.2298 1373
101.8141 119.2228 73.0082 82.1738 161.7100 1374
55.6530 43.4046 165.8329 120.4112 167.9563 1375
14.7331 5.1538 58.7390 59.6650 25.2259 1376
7.0361 111.7954 128.2256 31.2180 147.8485 1377
11.0641 122.2899 47.6138 26.1931 141.1226 1378
51.7328 167.3931 90.6619 0.8294 74.8973 1379
33.3147 40.7431 151.5201 171.9533 98.0642 1380
15.6523 30.7190 138.0669 8.5484 48.6860 1381
59.2443 145.4299 150.7045 4.9210 165.3389 1382
8.9651 14.7335 104.9726 141.1311 94.5071 1383
57.9577 64.5214 112.4844 61.4636 3.6147 1384
8.0858 45.3513 83.1911 105.2571 38.4233 1385
104.3098 41.9179 95.7154 135.3757 50.2019 1386
8.4722 119.5663 177.2430 106.6494 13.7620 1387
17.4129 25.6012 77.8556 72.5187 5.8968 1388
22.0794 59.0581 131.2914 90.9035 26.4251 1389
98.8346 90.1165 168.4921 134.9639 20.0138 1390
134.4128 64.7447 4.7404 51.3384 98.3369 1391
135.4614 75.0326 79.6629 0.8290 91.7229 1392
155.9811 99.9610 134.8737 169.3485 34.3008 1393
103.5927 35.9061 57.7754 69.9046 88.3130 1394
10.1394 58.3516 20.0155 102.2982 101.6699 1395
114.0749 43.8456 30.1541 83.5471 123.2875 1396
26.2208 46.4951 179.0423 120.5594 12.5272 1397
94.0933 156.1184 128.2653 63.8807 141.4349 1398
148.1985 174.6878 3.5830 124.7597 43.3107 1399
2.3954 122.3325 36.6407 162.6190 119.1496 1400
64.0668 57.8941 82.9125 114.2905 136.9377 1401
51.8514 83.6862 97.0611 19.7376 12.8568 1402
48.4623 80.9970 155.1694 5.4913 54.9970 1403
172.0758 154.7739 139.2734 120.3837 77.8839 1404
168.9928 4.3865 72.9827 50.6283 78.6406 1405
71.9632 101.6610 157.8315 77.5004 21.8542 1406
168.2558 29.8260 50.0275 0.7634 102.1246 1407
140.6004 0.7267 65.3507 53.6881 142.6936 1408
154.3276 129.6645 170.2578 127.8953 54.1435 1409
103.4421 98.7313 47.5697 88.4339 15.6826 1410
73.2781 17.1649 33.7748 79.2871 31.9044 1411
161.3058 58.8453 165.5149 19.6942 46.7793 1412
140.0163 13.6478 117.6769 150.1108 88.6580 1413
77.5364 140.7397 110.4179 13.0073 143.4306 1414
61.4806 36.4872 32.8847 98.7408 56.2824 1415
166.2698 52.8533 136.8731 135.5638 13.7135 1416
162.2947 78.5250 150.5016 102.7426 28.9534 1417
148.9644 88.5492 170.7585 5.7687 87.9894 1418
28.0901 132.6407 163.4210 170.6009 159.8494 1419
104.1166 17.5575 45.9424 173.1248 76.5561 1420
63.4306 72.9922 169.1100 149.1070 101.6372 1421
104.3901 38.7166 44.7339 86.6355 152.1024 1422
167.0993 168.6685 109.9474 10.2758 27.7002 1423
160.3397 176.3362 19.2872 36.6022 80.2110 1424
136.5496 58.3008 160.7346 33.8868 88.2648 1425
79.2949 34.5700 155.9131 86.5431 139.5068 1426
62.7048 53.7497 1.9945 173.5640 174.4906 1427
12.6696 131.6777 35.4290 49.6264 95.5153 1428
153.3282 23.0274 116.1632 64.8963 14.0637 1429
41.8071 3.8677 178.8967 4.9242 19.0685 1430
143.8034 71.2929 55.6229 42.8295 73.6460 1431
45.6459 16.0023 21.8811 47.7001 1.6740 1432
5.2861 97.7261 21.9350 20.1089 169.1975 1433
174.7951 2.2587 106.1888 62.9303 107.3910 1434
132.5731 175.6054 92.9927 111.9797 98.0836 1435
122.1625 87.2163 65.2359 34.1411 135.5697 1436
68.6511 115.3214 72.7211 97.6776 80.7869 1437
4.8515 14.1844 95.3535 135.2842 93.1816 1438
73.7321 109.4430 57.8114 98.6197 11.7041 1439
75.2914 139.3980 156.8170 156.3096 26.5578 1440
65.9712 72.9138 164.4263 53.8014 15.4389 1441
130.3078 113.2840 175.5690 87.2519 102.4575 1442
91.2766 149.0942 102.6016 83.8416 67.5458 1443
51.8426 139.3694 68.6163 118.0089 132.1433 1444
49.2108 59.0525 177.5009 3.2102 75.2082 1445
142.3328 32.2147 112.9970 89.9919 21.1546 1446
152.9706 175.9710 50.5681 136.1289 69.1932 1447
90.5477 179.0859 92.1252 168.3961 3.4705 1448
143.7984 172.2487 86.3717 57.8334 169.5792 1449
64.7387 83.6215 157.3696 177.7189 45.0427 1450
114.1930 117.8758 37.6783 94.4135 116.1552 1451
70.7506 67.8141 126.7992 115.6397 112.1502 1452
98.9816 32.8135 126.4672 17.7738 85.0895 1453
81.0682 81.8278 176.5999 94.8178 36.1226 1454
99.7656 9.1648 144.5978 3.7331 174.7038 1455
152.8254 80.4764 130.2041 65.2483 116.7269 1456
17.9047 53.8518 127.8980 0.3345 87.0542 1457
17.3169 141.9424 68.6423 69.5863 106.9915 1458
110.8731 90.2323 41.8973 133.6852 84.2481 1459
52.9507 29.9414 96.9998 174.5517 43.9021 1460
113.2587 110.2062 80.9618 179.6556 150.1186 1461
82.1257 49.6281 2.9757 20.3777 164.3195 1462
120.6990 137.0342 134.9831 59.6930 147.0066 1463
18.8963 68.5910 89.5511 117.2002 86.7114 1464
103.2665 12.0292 41.8074 36.2771 157.8893 1465
0.1819 147.2990 49.7722 141.8470 3.2695 1466
131.9182 82.1512 157.4290 51.7008 135.6275 1467
89.2267 125.7950 153.4550 7.4622 149.4734 1468
88.3965 123.8631 0.6595 114.1033 168.7365 1469
32.6753 128.9047 123.5506 148.6024 79.5840 1470
60.4453 16.4708 148.9430 176.0827 179.6274 1471
41.1046 91.5688 0.1615 130.5690 120.0963 1472
53.6377 110.9124 128.8486 71.6496 170.4283 1473
51.6638 164.2987 104.9756 41.4587 57.4101 1474
67.7561 162.8094 45.9348 166.7196 140.8046 1475
81.9315 134.8722 24.2284 97.8152 152.4042 1476
68.4901 149.7818 79.7615 48.5288 80.7857 1477
45.6422 161.4451 22.5885 33.6591 77.0456 1478
35.4689 178.5550 138.2944 119.3771 101.2483 1479
175.8547 168.6497 96.5837 168.1589 83.5763 1480
161.8212 19.4904 52.8643 136.2225 69.8206 1481
77.5831 91.1145 5.4452 157.5898 138.7033 1482
117.5718 93.0108 15.2176 48.4260 101.9331 1483
22.1355 36.0941 63.9708 153.8973 73.1620 1484
36.4295 129.3820 80.5016 170.4851 10.1019 1485
126.7900 162.8211 160.2277 99.2769 140.2156 1486
136.6955 53.4349 151.7108 43.5509 110.2339 1487
176.5160 6.5291 162.9525 171.6582 167.4434 1488
19.5876 80.9876 54.3636 63.2157 109.8633 1489
70.8238 37.5073 33.8569 170.1491 156.0222 1490
20.8416 56.4541 48.5751 11.0698 81.4739 1491
157.8205 166.4654 162.8433 162.8342 132.4758 1492
155.4967 101.2260 125.8427 21.6119 55.8164 1493
175.3687 120.5731 44.1771 124.3094 104.2419 1494
18.5709 122.3514 28.2119 34.6899 29.3183 1495
110.0095 154.6892 45.9963 3.6804 148.1872 1496
6.2949 104.4799 130.1132 148.3247 125.6091 1497
171.4613 142.3477 152.8118 146.9264 89.7644 1498
146.3769 172.8723 95.9719 131.1729 110.9055 1499
48.8816 147.8516 2.8560 48.6195 62.4359 1500
162.6287 132.5405 113.0888 27.1585 93.5904 1501
1.0823 176.5078 146.2441 3.3936 98.3692 1502
96.9277 148.3949 39.1759 113.8307 163.2191 1503
38.7814 120.6193 72.9794 85.6330 36.9257 1504
140.2866 177.7176 102.5856 108.9816 19.6930 1505
94.4032 98.6828 88.3573 112.5676 17.5806 1506
153.7480 164.0556 23.2935 77.5851 125.5521 1507
141.2148 119.1790 106.3682 18.3707 66.7257 1508
97.4697 151.1467 161.7228 2.8429 35.7283 1509
0.7306 36.4408 106.9737 175.0138 103.8575 1510
137.9346 144.6228 54.3564 2.6818 74.0022 1511
44.5124 129.1127 97.9502 156.0293 29.5159 1512
119.7847 137.2544 42.5134 177.0599 128.2987 1513
19.5986 18.8596 28.8965 92.1629 62.0129 1514
10.1052 117.9422 81.5976 99.3292 115.8103 1515
31.2994 80.2769 133.4411 8.8084 84.8005 1516
39.4977 100.6514 108.1617 13.8642 55.9324 1517
45.3382 60.1034 105.1468 148.7280 172.9799 1518
93.1329 59.1735 48.7006 157.0242 40.2443 1519
22.0586 0.0976 9.9013 148.1519 10.9267 1520
9.2413 6.8908 121.6056 86.6822 47.8250 1521
113.5577 140.4971 55.4546 89.0238 69.5021 1522
109.3350 2.4709 34.3960 127.2285 57.9687 1523
13.8842 77.8762 137.8556 137.7102 70.7922 1524
82.2944 111.0125 85.3424 120.4907 54.3918 1525
89.4720 88.2433 46.2916 76.8844 128.8575 1526
111.8486 14.0436 58.5401 47.2338 77.6141 1527
73.8806 99.2843 15.2048 105.1777 106.9402 1528
44.2442 10.9358 119.1307 8.2562 162.6063 1529
156.4101 168.0142 92.9691 30.6492 25.0214 1530
108.5268 99.8662 38.2760 41.8816 20.1331 1531
119.2993 34.2912 87.3001 21.3915 146.2849 1532
75.4104 52.8954 74.0324 117.8345 31.7181 1533
82.8777 174.3690 37.5803 21.1057 93.1491 1534
169.0356 149.1383 44.1301 93.6078 10.6503 1535
88.6978 163.5458 7.1298 165.7038 81.6331 1536
86.8387 161.4098 159.3641 15.0414 128.7319 1537
136.9577 132.8266 6.2575 41.1408 29.5005 1538
118.7796 13.2389 112.0174 99.0303 29.8909 1539
171.3701 129.2139 91.3379 83.1756 43.9286 1540
9.1656 126.6227 52.5460 43.3283 41.3245 1541
131.7959 109.1298 33.0134 51.9275 175.0749 1542
106.6848 58.2452 81.2559 42.7203 98.9617 1543
59.7002 136.6668 103.8748 9.6219 142.2180 1544
1.4126 141.2189 64.5933 156.3080 62.9939 1545
53.5616 23.8819 132.9373 134.1130 52.1874 1546
178.8698 147.0515 15.4931 108.3250 155.1338 1547
82.1818 103.1071 80.4369 35.6296 178.8734 1548
55.9594 28.9337 40.9138 112.0661 54.0358 1549
167.5116 154.3363 118.6971 79.6605 91.5097 1550
87.5020 127.5619 166.2046 31.3833 99.9273 1551
40.6024 107.8259 94.2790 159.6240 133.1101 1552
96.7528 101.0951 153.9897 149.2065 142.4892 1553
19.4476 100.5293 121.9935 14.4461 87.0385 1554
21.3479 133.7727 23.3371 89.9810 114.4589 1555
26.3917 176.5937 16.5821 0.6052 142.8579 1556
25.6513 77.1216 119.2328 107.5916 24.6042 1557
96.6524 102.9774 127.9604 62.4930 36.0623 1558
49.0837 53.7920 149.2184 151.5340 2.0646 1559
159.5654 87.4247 24.3476 103.3062 94.6817 1560
33.5681 130.6272 5.1229 157.4274 148.3807 1561
2.5747 35.3753 160.0611 83.7050 111.9699 1562
19.7472 21.8596 99.1782 98.8675 77.9856 1563
165.5470 44.3129 120.3250 113.5928 15.7721 1564
129.6145 154.2075 173.0945 124.4352 87.6810 1565
104.3388 163.8297 140.3993 86.4596 35.1244 1566
164.0146 160.9278 51.0418 1.7343 148.6655 1567
15.3078 135.6247 138.9229 159.6819 93.1730 1568
47.3960 116.7612 76.3946 13.8902 118.1364 1569
22.5040 60.8553 27.0535 5.7235 149.4749 1570
133.2070 123.6424 18.5773 169.9645 116.3616 1571
173.5003 48.5245 125.0007 160.6971 73.9156 1572
93.3067 101.2966 69.4442 35.0421 120.3618 1573
32.8767 153.1750 179.4013 53.8017 130.5879 1574
161.2259 89.8278 52.4180 177.9983 52.5682 1575
77.8318 107.9096 158.8710 104.1093 92.5883 1576
163.2161 50.5844 7.2778 75.4329 144.5954 1577
17.2611 94.6778 9.7627 16.9584 89.0723 1578
49.3701 25.1199 115.6912 56.8065 170.4383 1579
48.1549 101.2566 134.1864 150.9089 85.3166 1580
51.3228 117.5672 137.2835 2.4381 53.7966 1581
17.5452 111.2324 140.8852 159.8282 147.6405 1582
167.7356 35.4784 158.5319 138.4324 165.0347 1583
148.8934 142.2305 36.9399 63.5433 42.5256 1584
1.9799 115.4938 139.1769 171.3348 89.4673 1585
139.4649 69.4284 165.8105 107.8901 97.6741 1586
176.3300 19.9083 84.5087 141.4587 137.5471 1587
28.5498 55.9247 91.2878 37.1872 113.1160 1588
153.7579 44.6387 88.2555 8.7060 103.9343 1589
0.9056 115.6221 27.9090 47.3196 21.3501 1590
81.3048 108.2314 111.5307 97.3626 173.6942 1591
118.7840 3.8475 136.4665 24.5430 5.4833 1592
117.8857 19.8419 91.9205 149.1029 28.6643 1593
179.3895 104.3081 168.9025 178.3240 21.0184 1594
171.1128 145.2569 72.8198 131.4150 101.4863 1595
33.1281 83.3135 179.5296 40.7692 127.0067 1596
143.7507 170.8675 67.7479 115.6187 93.9146 1597
1.4649 151.7925 108.7744 142.1348 29.8289 1598
18.6683 147.4859 107.0518 33.1986 26.9640 1599
73.3979 132.2456 68.1468 3.3034 156.3845 1600
176.2033 126.8945 152.6289 154.9295 10.1990 1601
31.2210 89.3576 165.8546 116.4290 161.0421 1602
42.9266 2.2915 62.8956 13.2567 6.3050 1603
151.9550 167.0869 173.7495 103.5980 175.4980 1604
151.7732 27.7530 126.1840 115.1478 118.7425 1605
30.1333 81.4031 111.6144 46.1117 53.8958 1606
31.8568 172.0636 167.9652 7.9319 85.1060 1607
177.3345 178.3782 25.8803 31.4567 79.5323 1608
172.3393 39.1326 124.4471 17.0407 22.6061 1609
73.4433 61.3238 154.9484 23.3780 109.8125 1610
45.0551 156.8460 72.5647 140.6990 2.8611 1611
60.2091 156.8537 135.2483 31.0261 66.5292 1612
143.7972 23.8336 108.6337 99.2015 45.5549 1613
76.6145 87.2830 74.0067 92.5600 17.1932 1614
163.5028 114.1238 118.2483 143.9980 88.5969 1615
159.3790 162.0093 67.4151 127.8436 125.7620 1616
140.1538 82.7679 77.8494 60.4179 112.5932 1617
157.7170 74.7344 19.6946 49.5136 146.4098 1618
90.0009 113.1899 177.9783 164.1212 47.8174 1619
15.1423 50.4210 105.4888 70.2435 39.3849 1620
27.7246 94.6929 118.7736 65.1572 34.7380 1621
110.5799 122.9761 63.2577 60.2075 152.8013 1622
30.2840 53.6065 152.9093 165.6727 50.0254 1623
111.5419 20.7079 32.1329 78.3898 174.2461 1624
165.6247 179.3451 64.3203 3.9837 17.4911 1625
32.3913 94.1043 96.2523 128.4627 179.2686 1626
86.2543 169.4366 81.9868 154.1248 69.2189 1627
144.4796 20.4401 91.6018 21.6227 115.4115 1628
87.9297 106.3345 96.1413 61.7913 158.9122 1629
146.7417 85.0935 123.4805 51.9895 110.7121 1630
10.1648 168.3912 1.9486 14.9597 158.4523 1631
71.1635 38.1602 127.4759 117.8955 114.0385 1632
172.1573 39.4265 117.3390 4.8979 154.3428 1633
86.5086 85.5541 134.7142 44.8526 123.3560 1634
66.7915 137.0078 58.1422 110.1561 3.4998 1635
103.5084 108.7245 122.6955 61.6886 52.1204 1636
169.8973 16.5487 107.5645 172.8054 72.1460 1637
178.1142 128.1518 83.3087 93.4363 111.8026 1638
107.0446 42.2431 138.2100 109.7471 132.7961 1639
170.6701 121.3846 106.2446 33.1658 58.0655 1640
32.0185 117.4085 71.4472 174.4520 112.2546 1641
95.0971 152.8319 34.6819 71.3541 64.8783 1642
80.3838 50.9979 106.4228 84.6975 42.0088 1643
139.0078 177.0298 161.3393 155.9535 1.6633 1644
30.7767 90.4666 101.5163 99.1526 11.0125 1645
168.3759 127.8586 13.0164 61.2069 48.8044 1646
56.2765 66.8880 120.4911 11.7297 145.8940 1647
138.5297 60.0494 168.1521 129.7018 42.0939 1648
140.7287 35.3747 41.0014 97.6986 82.0845 1649
121.6247 81.5030 94.9338 18.4893 72.3027 1650
54.3793 6.2468 148.2260 69.3727 72.9045 1651
17.2951 45.3912 50.8387 40.2188 63.8516 1652
119.1785 120.0284 113.3096 4.9345 111.2316 1653
61.7355 175.5405 93.3792 107.9042 140.0167 1654
164.6963 35.8190 104.7833 49.7335 67.5276 1655
39.7857 167.2394 148.5886 20.4451 39.9517 1656
94.6648 64.7869 149.5977 27.5738 57.0550 1657
178.6550 147.6838 20.9777 33.2276 82.3995 1658
152.6392 21.6024 117.8140 41.9035 44.1002 1659
158.5258 24.7112 165.0371 106.3770 78.2875 1660
58.4561 93.1501 47.9911 87.0852 162.2132 1661
31.3251 112.0439 24.0113 126.2289 79.2877 1662
111.4731 19.1303 133.8921 6.9779 15.2410 1663
140.7482 76.3642 139.2621 64.7371 130.1133 1664
32.7582 27.7915 26.0238 33.1494 4.4124 1665
86.8615 90.1670 29.2758 93.8903 151.5512 1666
106.0197 55.4157 39.9259 40.7918 40.8125 1667
101.7311 46.3398 82.0350 73.1331 60.5047 1668
107.5987 91.4878 137.4043 133.0777 6.3697 1669
59.6662 150.6706 102.2480 155.7587 46.7648 1670
48.3113 44.9629 60.1806 164.3902 36.9435 1671
55.5252 75.7621 27.0769 62.5467 47.4010 1672
123.8912 13.9125 30.7066 4.8655 173.2434 1673
145.9139 62.7917 72.1312 49.1948 139.3133 1674
121.7723 166.6793 7.6395 16.9314 135.5531 1675
150.2184 21.3340 128.8000 133.0663 50.3357 1676
143.7812 175.2634 63.7037 35.7545 133.3300 1677
173.0308 105.2674 138.7979 64.3427 120.2669 1678
177.0178 108.1897 159.6389 2.1464 115.9708 1679
0.1906 56.7742 143.6751 79.9833 128.3573 1680
96.2268 111.5966 115.0255 32.0674 25.0889 1681
113.0857 103.3906 108.9658 106.7509 107.8831 1682
19.9105 71.7424 94.9692 176.2301 7.6197 1683
126.2788 32.1426 39.8583 35.0498 127.2037 1684
93.0111 23.6266 21.7786 103.2330 40.3223 1685
1.5249 29.1931 76.7673 27.8096 72.0336 1686
43.8628 174.1747 20.4123 40.0986 141.3088 1687
38.7267 33.0573 82.0555 80.4475 100.8150 1688
160.5109 16.6901 42.7376 161.6907 18.3940 1689
84.7853 70.9538 119.8640 88.8493 176.5202 1690
8.6315 176.8843 139.5178 98.4628 116.7599 1691
104.9514 41.0345 72.3523 12.0904 141.3973 1692
62.7758 40.2445 123.9579 84.3993 23.5537 1693
8.1226 29.9417 71.4925 72.9399 173.2035 1694
22.1573 18.2990 26.5009 36.0162 114.8033 1695
115.4789 172.6914 66.1745 72.1304 126.9606 1696
39.4450 76.8212 138.3664 90.7053 175.7189 1697
94.2504 106.3097 147.2966 127.3358 27.2621 1698
95.0771 34.8532 145.9609 132.3318 33.2351 1699
142.8082 22.5894 35.1543 57.8839 24.7330 1700
120.7288 98.2646 132.6680 28.4283 47.2618 1701
61.2870 90.8162 96.1523 25.1258 135.6056 1702
55.7546 112.9171 63.4471 2.1526 96.6306 1703
2.5779 65.8958 1.0688 127.7957 175.3762 1704
69.6066 149.3644 13.7765 7.1698 111.1372 1705
87.3851 89.2447 132.0803 79.0215 113.4884 1706
11.3102 154.2558 170.2253 114.2267 11.5176 1707
50.0044 146.3304 107.4551 43.3464 132.1245 1708
82.7849 171.4930 104.1233 78.3608 11.8090 1709
137.2387 128.1177 59.1220 141.3734 14.1179 1710
94.4811 9.7324 106.6456 147.7069 32.7433 1711
12.2437 136.1267 12.2597 121.5489 3.0233 1712
143.9863 92.0740 132.4574 140.4231 9.1895 1713
82.3973 12.2170 169.2272 17.8932 32.3395 1714
24.7579 75.8558 118.0261 96.1967 149.2886 1715
47.2166 47.5658 98.9387 55.3804 126.4489 1716
11.4849 10.0311 53.9230 120.0049 137.1084 1717
62.6531 110.7367 91.6093 150.3196 168.4164 1718
88.0532 140.3318 2.4453 173.8275 151.0944 1719
95.6542 122.3087 104.4647 115.5770 122.2816 1720
51.7557 107.4524 155.6188 137.8051 46.9084 1721
155.9428 46.2038 15.8265 105.3532 72.4863 1722
101.6192 48.1903 51.6259 32.5227 81.3771 1723
160.6913 126.8407 63.7891 177.7292 27.5363 1724
117.1222 172.8418 134.1547 54.8495 124.7074 1725
121.1040 174.4997 124.8700 59.3326 120.1050 1726
47.5703 31.0409 111.6651 83.2527 168.8649 1727
171.1674 149.9615 112.6060 15.1477 54.9381 1728
112.7282 64.1925 107.7093 89.7472 49.8928 1729
126.5473 20.0139 46.1887 128.8996 34.6042 1730
75.9819 41.7128 1.3681 95.5352 119.1608 1731
62.2618 31.0518 99.7451 156.5132 22.1325 1732
1.8345 80.4446 124.5926 71.2673 94.8882 1733
81.6776 150.4310 131.6821 132.7917 47.1943 1734
117.8604 162.0260 162.2904 19.4659 116.2950 1735
59.7204 164.8688 52.7042 52.4718 10.0405 1736
28.9594 38.2897 74.9470 132.5563 127.7033 1737
105.5509 94.2188 147.9267 124.8406 159.5875 1738
67.2451 25.6268 129.2837 112.5099 160.4211 1739
40.3957 157.9713 23.0495 43.7635 54.0093 1740
75.8448 36.4819 10.9131 64.9863 42.3074 1741
130.6350 129.6467 84.3033 5.5010 81.3260 1742
151.5783 103.6328 32.7056 46.9917 164.9800 1743
62.9702 19.9331 58.2675 175.8408 25.1664 1744
94.7753 101.3012 50.9486 168.2416 143.4908 1745
17.9989 94.8927 151.6465 20.7987 113.0620 1746
168.4953 128.5487 133.5030 67.7436 124.9677 1747
131.0628 153.8524 92.4605 81.7224 166.4194 1748
92.2543 150.7005 35.2471 121.0610 63.6726 1749
114.4298 62.5831 152.9140 88.6712 84.9995 1750
134.3147 147.4258 29.4433 39.0695 81.4076 1751
78.8050 27.9208 176.6061 95.7909 72.0312 1752
99.2059 47.6655 81.4782 10.7451 34.3824 1753
78.6840 154.6573 153.5916 176.4101 134.5686 1754
12.8183 25.9963 54.4852 61.3237 89.8241 1755
149.0913 104.0321 179.1409 65.5098 113.1948 1756
132.5256 112.3963 145.9628 15.1891 109.4216 1757
117.9176 160.8792 142.6774 50.5671 33.6352 1758
23.0458 148.0044 38.0796 92.0780 152.8073 1759
135.1431 100.7108 106.0351 142.3516 165.0575 1760
38.5955 132.8432 113.7235 3.3114 128.5661 1761
98.6648 161.0155 149.5061 77.6389 113.2062 1762
78.0268 7.0761 127.2582 119.8775 69.7822 1763
9.5901 11.4365 77.6866 21.4697 168.6799 1764
36.2629 114.5486 57.5620 51.7807 135.9277 1765
158.1175 68.5300 9.2935 98.3285 16.7374 1766
177.6520 76.0942 28.0192 43.9174 13.6167 1767
72.0837 145.7496 172.2000 11.5261 124.8052 1768
128.9469 169.8691 78.7262 8.8838 59.9307 1769
134.1410 105.2727 64.3011 173.5912 72.7144 1770
169.7386 136.7774 96.1816 146.6231 90.4098 1771
38.6235 116.4895 100.2060 35.6842 110.0520 1772
6.8180 110.9465 104.0428 105.2826 12.2070 1773
51.5700 178.2949 13.3714 7.8636 162.0550 1774
72.4420 15.9808 175.9332 106.4553 116.5579 1775
82.6366 50.8430 28.0323 28.3751 63.2276 1776
153.3866 33.5887 170.0017 177.7178 30.5454 1777
25.7559 173.4245 136.0233 140.0584 179.1793 1778
175.0604 10.1364 134.6008 155.3127 179.7834 1779
152.3585 31.5628 50.9494 3.0021 168.1218 1780
106.4987 79.3876 142.1320 72.1308 153.0674 1781
166.5662 136.4276 156.5539 159.4374 103.6183 1782
12.1719 167.1761 2.1970 50.8764 105.1022 1783
90.5848 62.9240 145.0492 18.2190 41.3045 1784
86.0461 40.0351 56.2411 154.0452 118.7630 1785
3.6151 9.4311 130.3783 86.5225 17.5753 1786
96.3627 115.6838 132.7219 159.9898 172.7722 1787
43.1191 81.7059 155.0225 22.7881 158.2482 1788
149.3293 73.9823 102.1853 50.3446 87.4129 1789
135.6006 91.3719 38.3437 166.5698 25.0559 1790
95.8829 115.5294 41.4379 66.7494 171.5244 1791
52.3036 151.8323 160.9328 109.4728 128.0754 1792
125.5900 98.4730 139.7171 166.0225 48.7034 1793
169.1640 89.2653 177.4539 65.4567 111.0851 1794
152.8277 47.3708 65.3416 73.0251 157.3483 1795
133.4229 45.1362 88.8418 10.0438 101.6504 1796
74.6954 86.0272 142.1133 104.7548 123.7642 1797
28.7727 86.6230 27.3054 56.2547 51.7869 1798
54.9926 165.8482 37.7600 70.2564 15.2498 1799
38.8144 74.9105 119.3006 86.0608 67.0728 1800
79.0283 109.0657 95.3117 54.0871 156.6608 1801
133.1048 108.0872 48.0351 26.6522 65.1227 1802
86.9790 147.6588 4.4279 33.9649 48.7493 1803
177.0102 87.7090 21.2350 170.1250 145.6243 1804
129.9490 60.2177 147.5563 146.4196 105.1248 1805
41.4241 77.7385 40.3276 131.8571 88.5995 1806
4.2379 38.4722 174.7182 58.9017 63.8410 1807
135.6888 41.5729 168.6086 106.9853 55.4680 1808
104.0486 92.6513 9.1294 44.7574 118.9162 1809
22.2078 84.2917 38.9912 8.3463 119.7358 1810
177.1382 78.9318 76.9849 52.2376 150.4043 1811
176.2371 38.0086 86.5443 91.4026 124.9587 1812
82.5351 154.4213 160.7388 31.3299 86.4410 1813
13.2671 172.5015 58.2403 166.4759 65.8720 1814
5.3773 7.3759 82.7116 0.2931 168.0117 1815
43.0720 19.9302 69.8131 46.0982 75.3959 1816
122.7855 101.6932 159.6881 25.9180 153.0294 1817
116.0792 70.7534 3.2237 46.4391 71.3654 1818
151.8144 130.1662 3.5474 172.4509 113.3586 1819
35.5283 43.7560 24.7428 21.2103 2.0441 1820
154.1378 43.6108 75.1804 138.7559 176.1354 1821
83.0883 31.1510 99.2179 110.3332 125.3997 1822
9.4090 176.7045 143.5512 66.0862 90.9111 1823
99.6939 114.6441 71.0000 0.5993 151.3823 1824
37.6620 40.0368 130.0929 153.7412 145.4953 1825
145.1185 57.1586 78.5745 21.8357 64.1180 1826
91.9512 160.8308 148.6949 114.8448 73.0313 1827
136.2989 162.9766 163.9671 92.9699 96.2072 1828
16.9069 43.2976 45.2820 135.2806 83.8827 1829
82.1571 135.5304 0.4597 9.8745 140.6853 1830
136.8906 9.0559 165.8524 154.5391 151.4588 1831
152.5050 121.9798 45.9724 28.7724 34.4732 1832
102.2009 150.4980 7.4976 27.6088 69.2182 1833
67.7898 0.5722 131.4484 56.2924 76.4281 1834
7.9362 137.5572 5.0186 116.0136 64.9042 1835
3.7098 47.1919 49.7264 109.7295 78.3818 1836
28.5026 148.5742 83.6004 142.6909 41.5417 1837
44.1859 139.9149 1.9088 101.7250 73.5806 1838
137.4115 65.1896 81.5816 131.2660 96.2257 1839
45.6200 96.9651 165.8931 118.7642 58.0424 1840
159.9009 38.7424 148.9064 74.1559 168.1141 1841
37.6565 164.7869 107.5847 8.4553 137.9580 1842
169.0617 103.5430 127.8326 176.9366 91.7801 1843
125.9284 33.8324 177.3050 7.8480 164.6469 1844
1.1686 48.9165 1.5189 132.0551 37.2918 1845
92.6274 48.5967 101.1706 95.4681 175.4691 1846
133.7218 72.7669 92.3733 106.3374 78.1981 1847
67.9763 39.6487 9.0277 119.9116 94.1181 1848
90.3125 50.2767 137.4339 104.9519 73.7443 1849
17.1455 15.4581 41.2249 82.5074 170.8986 1850
58.1694 49.8799 103.9655 144.5425 96.7932 1851
39.8725 165.6542 34.7423 5.2478 78.1882 1852
25.4161 174.8748 90.1238 47.0651 171.4503 1853
73.2422 87.2745 108.1733 83.4206 151.1868 1854
106.0771 87.1220 2.8594 120.9719 136.8891 1855
107.0862 1.7018 52.7703 19.6032 59.8838 1856
134.8551 73.6787 1.0088 120.7254 47.5528 1857
168.7204 54.9450 142.6677 161.7988 119.3898 1858
46.8930 108.7094 88.2877 79.3595 35.9086 1859
167.1365 68.9540 1.7117 95.9466 34.6857 1860
60.9693 50.3137 169.4844 88.1083 28.4888 1861
12.4446 57.5485 42.8392 175.3751 17.1486 1862
87.8396 6.8957 178.1346 35.6484 97.2017 1863
18.3387 28.7275 172.1541 77.5896 30.8313 1864
9.7711 112.8355 95.8753 175.3949 51.8095 1865
50.3520 153.0584 95.0216 85.0907 111.4947 1866
132.5640 81.9049 40.6421 134.1102 76.1907 1867
109.2479 94.1106 130.4359 107.9178 65.6055 1868
109.5989 114.3043 74.8943 172.8641 51.8762 1869
14.5275 47.7787 52.0891 48.3673 70.2875 1870
69.9783 55.8515 150.8443 50.8693 148.7171 1871
131.6421 15.4829 129.5417 131.1060 8.8852 1872
146.0385 162.2198 145.2500 144.8319 71.8400 1873
41.2349 145.6594 80.0953 165.6593 99.8590 1874
104.4015 90.5174 146.7919 66.2620 151.5668 1875
64.0391 141.5619 1.4002 91.6768 164.2184 1876
158.2858 157.7202 45.8976 87.2052 163.0360 1877
8.0281 54.6041 142.7065 84.6838 142.6259 1878
45.3558 137.4450 11.3312 110.0588 3.2872 1879
102.3436 134.0588 10.0357 87.4761 162.8239 1880
32.5987 64.7236 85.8437 77.2201 108.8204 1881
35.8943 3.0080 56.7047 160.2253 98.1892 1882
136.4173 48.1242 17.1651 35.7650 40.0130 1883
12.5512 178.1135 113.9618 141.2582 105.0997 1884
140.9499 167.7099 95.3738 112.3189 78.5066 1885
126.8937 71.3172 178.9510 106.6142 84.5357 1886
33.9386 64.4408 124.9530 120.2472 104.8908 1887
6.9808 31.5417 78.3110 16.0184 148.2313 1888
167.1790 70.9766 39.4828 165.3750 118.8603 1889
172.4830 79.0872 6.1624 35.9816 28.8021 1890
82.4148 75.2176 53.6429 136.3323 108.2662 1891
125.0152 161.3123 73.3828 109.1835 54.2073 1892
102.6044 68.4005 150.4940 12.8187 23.3719 1893
174.5968 95.1272 24.3116 108.7162 85.7669 1894
125.3845 157.5612 55.8445 138.2278 129.1374 1895
151.3871 8.2259 166.2174 4.4607 156.5131 1896
117.3050 7.5855 45.6168 36.0000 3.5321 1897
87.5900 39.3117 74.9903 64.0556 117.5822 1898
67.9043 47.9515 163.3952 99.5632 130.2124 1899
57.7806 31.9245 151.9498 56.3545 23.5063 1900
99.6631 57.6850 94.3073 103.4102 8.0581 1901
142.3805 179.1198 79.8523 178.2982 52.8089 1902
152.0249 168.8883 82.5933 9.1263 18.2642 1903
92.0012 25.2274 18.1713 57.0000 131.6444 1904
91.0942 143.9608 20.1332 100.5041 77.0132 1905
23.2909 102.8286 2.3509 159.5509 45.6103 1906
26.3224 129.8104 72.6676 37.6863 0.9815 1907
47.5260 163.9192 23.1739 153.7972 117.4668 1908
55.7200 5.1293 4.4527 82.6817 63.9695 1909
133.3659 159.7451 57.5381 10.4690 147.1249 1910
42.7980 122.8627 156.5518 20.8150 162.0133 1911
127.4157 146.4235 90.9839 105.4560 125.8270 1912
159.4285 99.1187 96.2319 28.9199 119.5168 1913
98.6528 38.1864 128.7531 27.3863 126.5809 1914
143.5929 47.0976 40.7800 142.7303 160.1323 1915
149.0560 90.6659 110.9389 109.5432 22.1510 1916
129.1183 142.5160 6.4722 152.8638 80.5395 1917
106.9008 48.3273 140.5472 60.9534 86.5708 1918
133.4485 104.7091 133.1764 107.4808 106.1340 1919
118.8800 59.0488 82.6245 77.2219 155.0609 1920
175.0144 76.2690 111.1483 148.3950 10.2841 1921
167.0518 68.6423 150.6381 59.8354 166.5016 1922
174.8989 172.8311 177.7861 10.1400 70.4186 1923
27.3804 95.8270 85.3378 132.5499 162.9737 1924
86.7311 95.2885 146.0038 115.7085 151.7602 1925
55.2212 174.7329 36.5084 53.1456 178.8728 1926
89.4721 43.7207 175.1706 78.2397 46.0635 1927
15.7658 46.1272 133.0158 150.9610 4.6496 1928
30.7267 138.9314 121.1603 125.2880 127.2855 1929
5.3693 168.2101 10.1085 32.4824 68.8571 1930
154.8023 100.8400 162.2321 25.5820 93.5397 1931
8.6060 74.4318 57.8291 99.9216 39.8450 1932
127.0516 174.3323 149.0960 139.9395 164.1593 1933
106.6240 133.9315 48.9244 22.5845 130.2875 1934
50.3839 129.4493 105.7806 85.5407 115.4852 1935
107.5333 136.6023 82.6180 43.9539 88.8180 1936
108.8054 169.4105 33.9655 136.0171 36.1363 1937
6.4473 11.9443 178.1906 29.2255 20.6598 1938
121.4490 175.5641 103.9229 135.5787 108.5603 1939
23.9891 60.3549 6.1085 160.4953 66.1207 1940
153.8141 150.1110 94.8895 62.4950 57.5097 1941
26.4465 44.5294 166.7368 29.1944 113.2197 1942
30.1229 139.1370 110.4746 70.7968 162.1168 1943
15.9074 131.9972 70.5833 27.7437 179.6508 1944
127.8984 20.9328 79.0789 136.8367 85.1918 1945
18.9270 7.5627 105.1716 125.7310 89.2588 1946
97.0221 128.8468 83.0450 6.9639 128.0312 1947
124.2824 35.9868 62.0177 49.4689 74.0163 1948
136.6760 128.4821 57.7892 56.1341 65.5911 1949
73.6580 61.0295 177.1397 44.4455 94.2279 1950
158.0606 115.9376 121.2059 141.6311 118.6538 1951
115.0206 98.1737 104.8307 96.1300 108.7449 1952
65.8081 150.0539 134.5328 29.4989 46.2706 1953
96.1226 0.1719 56.9893 122.3470 48.9549 1954
3.3258 60.5717 108.0354 137.5169 90.0881 1955
172.3755 150.3227 145.2917 139.2805 112.7885 1956
134.4366 86.6493 73.6438 56.2914 4.5988 1957
28.9525 142.4964 94.4818 101.7955 162.7138 1958
155.8880 42.7979 7.9095 53.5722 132.5594 1959
39.9139 168.7224 172.6890 111.5374 149.2009 1960
31.6630 139.9278 175.8334 30.3114 82.6630 1961
21.2525 173.2415 167.2667 165.1276 36.5719 1962
101.3199 40.3295 46.4275 102.7250 46.1337 1963
159.5400 164.3918 88.7327 7.1634 75.2957 1964
72.9699 117.9366 131.2994 108.7423 79.5282 1965
14.2312 76.4324 68.3556 13.7417 150.9911 1966
158.7824 123.0765 170.2427 136.4619 60.2341 1967
22.6238 4.7647 179.1372 19.2046 137.0537 1968
169.1105 17.8165 86.5459 42.8826 28.9265 1969
3.0098 139.8712 137.4038 19.9712 110.0754 1970
48.0292 61.2872 157.5084 15.2869 143.8714 1971
67.7743 106.9318 31.3388 111.7272 23.1752 1972
20.8018 166.1504 45.4620 55.5369 4.9435 1973
174.9963 112.1237 77.5171 106.4387 23.0835 1974
171.0992 17.3064 175.2376 74.8557 14.7299 1975
14.2395 30.0876 140.5723 162.2757 19.7308 1976
128.6252 68.7683 33.2172 90.1551 52.6286 1977
121.6120 154.1571 112.5096 14.4808 17.2638 1978
5.8108 22.7002 70.5962 117.3214 131.3998 1979
130.5524 4.1433 72.2500 119.4255 37.0874 1980
92.0908 18.4357 27.2414 74.3720 92.4929 1981
1.3854 80.6643 157.6288 161.5500 44.7716 1982
178.5714 136.1970 22.0426 123.2992 115.9507 1983
174.3208 35.1355 123.0243 52.7644 39.6118 1984
153.2211 45.9885 166.1952 99.0540 71.5077 1985
3.1945 99.0643 80.7501 74.3856 63.8115 1986
171.7558 53.2603 54.8329 168.1700 75.3715 1987
115.1936 45.3708 3.3592 176.6475 149.6827 1988
130.7887 163.1373 54.1351 30.3804 66.7187 1989
158.4675 54.1296 76.6313 52.2105 115.2453 1990
9.2421 69.8961 33.4371 155.9624 49.6436 1991
134.4777 24.2127 94.4207 124.5527 179.5108 1992
140.1675 106.1584 113.5117 72.5324 141.6369 1993
41.5815 130.2552 168.3137 129.2549 169.3602 1994
78.2112 98.8492 44.7447 148.1422 77.5776 1995
79.9920 10.0639 46.2832 34.4393 121.1870 1996
97.7202 154.4326 21.6112 106.8112 97.4541 1997
94.6327 82.8257 168.3264 34.4829 71.4325 1998
45.8065 141.2281 23.8865 9.5319 43.6314 1999