3 2000
-1.153146 -0.794649 -0.225757 0
1.177278 -0.038267 -0.180746 1
0.107163 -0.272433 -0.070874 2
-0.045397 -0.166833 0.549351 3
-0.226012 -0.400687 0.841685 4
-0.367468 0.546725 -0.939753 5
1.246579 0.420845 -0.217262 6
0.468126 -1.049926 -0.560282 7
0.803390 0.592308 0.000945 8
0.025133 -0.042056 0.306159 9
-0.435680 1.753821 0.584529 10
0.688377 -0.438169 0.321080 11
-0.726181 0.005312 0.287917 12
-0.564548 -1.036583 -0.046775 13
-0.165065 0.530744 -0.080474 14
0.130178 -0.058326 0.502898 15
-0.167482 -0.558046 0.071851 16
0.007441 -0.000688 -0.118811 17
-0.823478 -0.035743 -0.983604 18
0.465984 -1.859419 -0.097708 19
-0.134459 -0.174426 0.552212 20
-0.791510 0.713043 0.993202 21
-0.502240 0.056200 -0.533688 22
-0.004652 1.128809 0.836395 23
0.189266 -0.972571 0.094165 24
0.047370 -0.052585 -0.109487 25
-1.395183 0.098607 -0.883995 26
-1.245463 0.739506 0.892903 27
-0.271635 0.245693 -0.355334 28
1.594008 -1.200746 -0.042163 29
-0.402474 -0.911833 -0.015620 30
0.137309 0.004321 -0.443112 31
-0.219336 -1.065162 -0.893238 32
-0.598359 0.141114 -0.919047 33
-0.042005 -0.670989 0.014917 34
1.538722 1.199610 0.308931 35
1.287426 0.758664 -0.253047 36
1.753051 0.472454 0.531556 37
1.276360 1.381123 -0.157433 38
1.419474 1.384619 -0.017500 39
-0.580445 0.870931 0.973062 40
0.285066 -1.864373 -0.104905 41
0.628157 -1.825628 -0.359928 42
0.450538 0.626249 -0.582626 43
0.174599 -0.403985 0.811992 44
-0.959268 -0.432050 -0.998308 45
-0.549519 -0.084982 -0.697776 46
0.286300 0.966812 -0.001205 47
-1.197033 0.570614 -0.820600 48
-1.260710 -0.507812 0.696843 49
-1.358485 -0.931091 -0.735761 50
-0.473703 0.937603 0.953703 51
-0.212989 -0.364237 0.193157 52
-0.797129 0.104128 0.228816 53
-0.097596 -0.224978 0.650887 54
1.354014 -0.415229 -0.490914 55
-0.096152 -0.271844 0.195166 56
0.246265 -0.958216 0.083585 57
0.445844 1.891885 0.173450 58
1.616638 0.859916 0.542878 59
0.117269 0.360328 0.059702 60
-0.747087 -0.691461 0.985191 61
0.221846 -0.991677 -0.143086 62
-1.229507 0.377581 -0.418983 63
-0.364504 0.955220 0.904358 64
-0.668107 -0.686345 0.017149 65
-0.235844 -1.840945 -0.505924 66
0.008580 0.008709 -0.140177 67
-0.268547 -0.414590 0.862513 68
0.078724 -0.743540 0.884101 69
-0.969083 0.238388 -0.001588 70
-1.283770 -0.922698 -0.357600 71
1.071309 -0.163698 -0.097104 72
1.494808 0.669790 0.641958 73
-0.253006 -0.170666 0.603880 74
-1.352883 0.044466 0.926049 75
0.121939 -0.109123 0.546157 76
-0.611487 -0.182976 -0.572264 77
-0.318460 -1.715662 -0.666739 78
-0.342738 -0.746595 0.969629 79
-1.511647 -0.364744 -0.774587 80
-0.552961 0.950735 -0.409968 81
-0.124455 1.208236 0.926919 82
-1.509111 -0.044442 -0.685700 83
-1.520213 -0.394673 -0.751202 84
0.089862 0.080546 0.194361 85
0.330340 -0.853283 0.402952 86
-0.535489 -0.614264 -0.772351 87
0.442185 1.415725 0.852254 88
-0.330878 0.866082 0.660632 89
-0.860282 1.042739 0.936048 90
-0.546993 -1.718488 -0.586620 91
0.023405 -0.082271 0.077423 92
0.054543 -0.801803 -0.005704 93
1.363923 -0.095131 -0.364264 94
0.801394 -0.862454 -0.415970 95
1.057540 -0.843812 -0.600564 96
-0.145281 -0.181299 0.447671 97
-0.446627 -0.071268 0.623951 98
0.012689 -0.218784 0.069759 99
-1.161608 0.475467 0.175972 100
-1.531005 -0.217377 -0.649982 101
0.919064 -0.545486 0.039073 102
0.626889 -1.761938 -0.492709 103
-1.356087 0.339571 0.913179 104
0.002508 -0.996156 0.298037 105
0.018905 -0.005578 0.197545 106
0.009008 -0.011103 0.071105 107
0.918137 0.452155 -0.014579 108
-0.518828 -1.783590 -0.472851 109
1.016056 1.099188 0.756841 110
-0.903636 0.004793 -0.995308 111
1.116791 -0.223578 -0.167445 112
-0.150356 -0.318684 0.761701 113
-1.392815 -0.178064 -0.391356 114
-0.338317 -0.380986 0.210222 115
-1.248029 0.478267 0.243353 116
1.071759 -1.212326 -0.748046 117
-0.626933 0.070641 -0.356052 118
0.443425 -0.919158 -0.089361 119
-0.444506 -0.127287 0.811754 120
-0.989676 -0.954593 -0.927013 121
1.352050 -0.579561 0.281213 122
-0.575379 -1.309281 -0.902585 123
0.043563 -0.004050 0.285894 124
-0.611703 0.215018 -0.935408 125
1.112965 1.327992 0.673147 126
1.094879 1.622713 -0.003948 127
-0.648153 -0.234463 -0.899436 128
-0.943471 -1.473561 -0.646714 129
0.428036 1.544197 -0.047402 130
0.372950 -0.090367 0.575741 131
-0.016961 1.799478 0.600198 132
-0.348392 -0.279420 0.830367 133
1.782754 0.658268 0.428540 134
1.152339 -0.272802 -0.227598 135
-1.296793 -0.456959 0.772724 136
-0.338572 -0.863338 -0.461647 137
1.794146 -0.722116 -0.355934 138
-0.440338 -0.840616 -0.880010 139
-1.503958 -0.643360 -0.620132 140
-0.191383 -0.186989 0.472810 141
0.284557 0.200095 -0.691619 142
0.418211 0.253088 0.255763 143
-1.431676 0.882303 0.585661 144
-1.110666 -0.166018 -0.106708 145
0.035027 -0.262241 0.677600 146
0.737618 -1.479042 -0.751366 147
1.319337 1.226194 0.593995 148
-1.210479 -0.988107 -0.823870 149
0.095065 -0.888499 0.719498 150
-1.368059 -0.993253 -0.508464 151
-0.761489 -0.812254 0.932459 152
0.142364 0.068979 -0.526327 153
0.204365 -1.743529 -0.655188 154
-0.489135 -0.690793 -0.620696 155
-0.152615 0.336822 -0.776327 156
-0.593677 0.404242 0.752093 157
-0.534966 -0.799118 -0.127227 158
-0.751417 0.125175 0.292384 159
-0.674054 0.990620 0.976319 160
0.355047 -0.998690 -0.320500 161
-0.002552 -0.309464 0.059241 162
0.781938 -1.016482 -0.644667 163
-0.970604 0.822946 0.962132 164
0.526868 -1.319950 -0.848739 165
-0.598593 0.247254 0.670876 166
1.621968 0.230819 -0.437995 167
0.564522 -0.317741 0.523376 168
-1.363355 -0.276283 0.854444 169
-0.949421 -0.718562 0.413059 170
1.297647 0.562238 0.536432 171
0.185991 -0.849051 0.681622 172
1.368374 -0.030070 0.335782 173
0.429389 0.806622 -0.324654 174
-0.502565 -0.094474 0.846604 175
-0.808448 -0.095343 0.168027 176
-0.576441 0.055318 -0.890542 177
-0.532296 -0.676336 -0.446308 178
-1.531379 -0.331934 -0.729571 179
0.387017 -0.075987 -0.408688 180
0.544443 -0.242984 0.532140 181
0.002212 -0.000885 -0.040984 182
-0.728184 -0.457513 -0.260314 183
0.852773 1.773369 0.219336 184
-0.026895 0.189648 -0.586064 185
-0.363352 0.550474 -0.108589 186
-0.856483 -1.526195 -0.306312 187
0.031214 -0.092249 0.429223 188
0.839373 0.738323 0.253774 189
-1.423027 -0.143777 -0.884316 190
-0.705286 -1.356145 -0.154810 191
1.882655 -0.591846 -0.228637 192
-1.302544 -0.199995 0.399944 193
-0.479871 -0.841978 -0.919012 194
0.031853 -0.079327 0.403215 195
0.819719 0.815196 0.354770 196
1.219251 0.434341 -0.200205 197
-1.425610 0.180047 0.882135 198
-0.969635 -1.516360 -0.535607 199
0.611219 1.620287 -0.061685 200
0.605716 -0.957729 -0.417761 201
-0.898702 -0.181363 -0.995947 202
0.131561 1.758264 0.646184 203
-0.138636 0.974261 -0.724720 204
-0.476517 -0.876483 -0.009274 205
-1.399296 0.944044 0.649392 206
-1.447019 -0.070243 -0.860547 207
0.578611 0.858464 -0.010765 208
0.268650 -0.869238 0.483420 209
0.137355 -0.079197 -0.290354 210
0.218799 -0.125414 -0.310429 211
-0.048109 1.001714 -0.131455 212
-0.310779 1.843372 0.469617 213
-0.816996 -0.743051 -0.991844 214
0.120018 -0.389072 0.799844 215
1.390673 0.490230 -0.303067 216
1.533468 -1.120968 -0.436520 217
0.653681 -1.767959 -0.465456 218
-0.044134 -1.602555 -0.042613 219
-0.163142 1.617687 0.071204 220
-0.361759 -0.330641 0.255332 221
0.223602 1.582709 -0.008890 222
0.450500 -0.872146 0.075360 223
-1.401967 0.813319 0.456729 224
1.957479 -0.133810 -0.266657 225
0.586664 0.679217 -0.266747 226
0.317712 -1.734317 -0.646189 227
1.538308 -1.266642 -0.010458 228
-0.549599 -0.938006 -0.973472 229
-0.604008 0.141433 -0.323791 230
0.049071 0.250103 -0.002770 231
-1.460341 0.132443 -0.689209 232
-1.535393 0.299204 0.711790 233
-1.388938 0.399530 0.888209 234
-1.052925 -0.581538 0.363195 235
-0.437100 1.489426 0.833679 236
1.691482 -1.060262 -0.073855 237
1.308723 1.430588 -0.099966 238
-0.344653 -0.446406 0.163767 239
-0.589467 0.129257 -0.346384 240
-0.549198 1.776403 0.457191 241
1.669834 -0.196377 0.455578 242
-0.276649 -0.990265 0.215270 243
-0.111383 -0.276879 0.206554 244
-1.293088 -1.139070 -0.624479 245
0.311724 -0.908608 0.226774 246
0.002840 -1.812071 -0.111768 247
0.001925 -0.000963 0.057829 248
-1.183119 -0.137486 0.219408 249
-0.389276 -0.963283 0.206653 250
0.339278 -0.172710 -0.313183 251
-1.443125 -0.182057 0.738786 252
-0.865357 -0.053134 0.126172 253
0.009263 -0.006912 -0.043187 254
0.207053 -1.784524 -0.053995 255
-0.758718 -0.901274 0.775747 256
-1.121268 -0.983987 -0.250176 257
1.540847 -0.618532 0.354108 258
1.222969 -1.271472 0.204389 259
-0.299512 -0.962335 0.051870 260
-1.317501 -1.050956 -0.457897 261
-0.493888 -0.063777 0.818667 262
-0.764957 0.169953 0.969329 263
-1.526026 0.243952 0.749112 264
0.781206 1.266954 0.809451 265
0.905027 -1.493402 0.125740 266
-0.076769 0.190698 -0.285230 267
1.329185 -0.013360 -0.313856 268
-0.766793 0.813463 -0.929675 269
-0.602606 0.420751 0.823715 270
0.344587 -0.973540 0.005616 271
-0.858481 -0.154379 0.107595 272
-0.469136 -0.059365 0.595651 273
0.593084 -1.186407 0.071953 274
-0.160378 1.237007 0.936437 275
1.513464 1.216284 -0.154041 276
-0.249067 -0.943557 -0.733710 277
-0.231086 -1.712791 -0.685182 278
1.281352 -0.837167 -0.679611 279
-1.355438 0.608395 0.354458 280
-0.531246 -0.636925 -0.802895 281
1.148552 1.040244 0.735916 282
0.797122 -1.756754 -0.024716 283
-0.146073 1.822761 0.556965 284
0.651915 -0.224391 -0.212710 285
-0.066748 -0.153122 0.375236 286
-0.639097 -1.031673 -0.972740 287
-0.165848 -0.824774 0.932579 288
-0.557893 -0.104434 -0.699187 289
-0.587438 -0.515726 -0.566502 290
-0.394975 1.546562 0.802835 291
0.047388 -0.019111 -0.232889 292
-0.315811 0.178928 -0.490496 293
-1.394505 -0.294070 0.717227 294
1.343194 -1.447943 0.026860 295
0.818547 -0.490122 0.080842 296
-1.438559 0.748614 0.745809 297
-0.259187 -1.065553 -0.011699 298
1.947259 -0.112798 0.289335 299
-1.484582 -0.041526 -0.584798 300
0.918574 1.694056 -0.011429 301
-1.532358 -0.311680 -0.624478 302
-1.267547 -0.010431 -0.960598 303
-0.820562 -0.850451 -0.982101 304
1.499359 -1.108029 0.238258 305
-0.202389 1.350730 0.922902 306
-1.291229 -0.559835 -0.912005 307
0.078513 -1.796604 -0.602074 308
-0.425222 -1.292180 -0.930263 309
0.427585 0.716861 -0.512958 310
-0.710090 0.093246 0.342049 311
0.007024 -1.900242 -0.211588 312
-0.610206 -0.244628 0.244105 313
-0.262542 -0.696129 0.958120 314
-0.536639 -0.054230 0.482242 315
-0.681198 -1.715288 -0.387345 316
-0.653775 -0.519167 -0.361727 317
0.146685 -0.797426 0.802620 318
-0.062590 1.676156 0.735684 319
0.956105 -0.430116 0.031268 320
-0.213442 -0.235626 0.720401 321
0.046984 -0.136910 -0.003271 322
0.143284 0.742429 -0.848458 323
-0.339934 -0.722411 0.046222 324
0.581779 0.423022 0.138425 325
0.088960 0.741990 0.012998 326
-0.213808 -1.009293 0.566567 327
-0.481741 -0.747935 -0.413411 328
0.625552 1.810217 0.400475 329
-0.604573 0.793641 0.968678 330
-0.362799 0.924668 0.035481 331
0.046002 0.998637 -0.013181 332
1.496395 0.413334 0.566841 333
0.346312 0.999983 -0.009775 334
1.691453 0.030296 0.505981 335
-0.207862 0.950946 0.641128 336
0.014479 -0.118437 0.113985 337
1.017344 1.009914 -0.165278 338
-0.687621 0.856867 -0.292178 339
-0.445592 0.747858 0.648141 340
-1.308771 -0.197781 0.407703 341
0.235940 -0.118375 0.625037 342
0.421163 -1.517705 -0.812120 343
-0.077189 -0.426568 0.824011 344
1.767151 -0.752419 -0.388278 345
-0.992448 -0.126254 0.999992 346
0.200425 -0.029080 -0.436682 347
0.211144 -0.018904 -0.457482 348
-0.320692 0.965087 0.002747 349
-1.039938 -0.055797 -0.039303 350
-0.421460 -0.511540 0.127686 351
0.209860 0.789102 0.023169 352
0.048515 -0.164474 0.559955 353
-0.558048 0.152232 -0.353053 354
0.644346 -1.605296 -0.683206 355
-0.810339 -0.248530 -0.209956 356
-0.064265 0.470532 -0.850595 357
0.570524 -1.784749 -0.486189 358
0.256508 0.063943 -0.573872 359
0.187193 -1.162184 -0.800868 360
1.703369 -0.610995 -0.550172 361
-1.507361 0.244202 0.560533 362
-0.016694 1.880723 0.184190 363
0.008525 -0.807457 -0.000108 364
-0.105346 -0.314362 0.164739 365
1.899480 -0.213857 0.355097 366
-1.074958 -0.177046 0.105895 367
0.566050 0.672308 -0.316827 368
-0.112736 1.027358 0.742390 369
1.204031 -0.230183 -0.264318 370
-0.239749 0.191174 -0.473377 371
-0.769677 1.275655 0.871798 372
-0.942922 1.173856 0.203361 373
0.679466 1.056691 -0.072734 374
-0.158020 0.818125 -0.933435 375
-0.652547 0.063830 -0.933629 376
-1.297731 -1.137932 -0.612243 377
0.305130 1.915222 0.227362 378
-0.296357 -1.036368 -0.010982 379
1.486673 1.307950 0.196490 380
-1.376722 -0.240879 0.556733 381
0.467144 0.268847 0.242793 382
0.377501 -1.314942 -0.867745 383
-0.729281 -0.284706 -0.957898 384
-1.287095 -0.228146 -0.269685 385
-1.285239 0.315190 -0.913788 386
0.447021 -0.982166 -0.338408 387
0.037363 -0.045765 0.338492 388
0.759505 0.366792 0.097315 389
0.035451 -0.167663 0.032559 390
0.012107 0.045531 -0.218446 391
-0.291937 1.752961 0.628331 392
-0.596467 0.210071 0.807720 393
-1.180013 -0.176386 -0.981066 394
0.241886 -0.337349 -0.152055 395
0.841664 0.796990 0.350350 396
-0.980293 1.507236 0.438008 397
0.301196 -0.351071 -0.170263 398
0.839765 -1.477967 -0.710404 399
0.004343 -0.141353 0.509494 400
1.763985 -0.090926 0.475747 401
-0.661958 -0.759884 0.020770 402
1.817619 -0.831275 -0.040957 403
0.541273 -0.113547 0.478139 404
-0.548669 1.628631 0.193181 405
-1.510164 0.428844 0.552794 406
-0.860984 -0.279115 0.995479 407
0.880141 -1.269668 -0.791045 408
-0.615469 0.720541 -0.019349 409
-1.224005 -1.235783 -0.475260 410
-0.550944 -0.400344 0.947768 411
-0.422023 -0.149885 0.472852 412
-1.262680 -0.499439 0.792764 413
0.025071 -0.009023 -0.181942 414
0.150515 -0.121271 -0.244094 415
0.777958 -0.458418 -0.055242 416
-1.022083 -0.116502 -0.025626 417
0.159621 -0.042589 0.512925 418
1.813788 -0.716564 -0.311186 419
0.244006 0.286859 -0.748641 420
1.154121 -0.675806 0.184568 421
0.731855 -0.960860 0.068718 422
0.880717 -0.176258 0.123397 423
0.393099 -0.823458 0.356461 424
-0.437233 -1.644621 -0.157248 425
0.290547 -0.385858 0.786462 426
-1.489280 0.238161 0.819218 427
-0.615319 0.372792 0.590452 428
-0.304142 0.168476 -0.697188 429
-0.020210 -0.255086 0.107053 430
-0.898843 0.755270 -0.919008 431
0.280602 1.909207 0.188541 432
-0.008111 0.129948 -0.482620 433
0.152251 -1.240996 -0.877802 434
-0.761974 0.760090 -0.962734 435
-1.030579 -0.734404 0.635240 436
1.987082 -0.033457 -0.156853 437
-1.035477 1.439468 0.592804 438
-0.036961 -1.001353 0.122998 439
0.671622 -1.842301 -0.227513 440
1.892442 -0.611320 -0.149708 441
-1.463246 -0.109119 0.770165 442
-0.836182 -0.953588 -0.104289 443
1.071312 -1.272919 -0.727367 444
-0.883028 0.809113 0.979807 445
0.857680 -0.473859 0.034094 446
-1.100007 0.039450 0.097652 447
-1.286051 0.311696 -0.914322 448
0.964604 -1.618574 -0.467090 449
0.263903 1.451098 0.866459 450
-1.297720 0.292671 -0.455999 451
1.723748 0.993770 0.142487 452
-1.002652 -0.691792 0.455498 453
-1.040848 1.036923 0.883037 454
0.271848 0.466244 -0.815132 455
-1.233766 -1.168322 -0.420647 456
-0.596462 0.373511 0.742851 457
-0.461038 0.237797 -0.328579 458
0.246649 0.664560 -0.811481 459
-0.687964 -0.611767 0.993215 460
-0.397467 -0.105053 0.671972 461
-0.432666 -0.852608 -0.187392 462
-1.225783 0.537193 -0.817744 463
0.029128 -0.000006 0.232630 464
-0.432646 -0.983559 0.762986 465
-0.800995 -0.592947 -0.006780 466
1.420124 0.220295 0.450047 467
-0.578451 0.149963 -0.338240 468
0.655723 -0.210836 0.395771 469
0.836828 -0.456248 0.078760 470
0.442964 1.880078 0.348445 471
-1.067251 -0.929758 -0.204388 472
-0.584415 -0.578353 0.982995 473
1.385823 0.679096 0.636948 474
1.931339 -0.448961 -0.184414 475
0.273352 -0.062423 -0.419146 476
1.263161 -0.198672 0.229971 477
-0.773845 1.325634 0.172297 478
1.234485 -0.964544 0.236096 479
-0.823346 -0.345395 -0.162838 480
-0.786041 -0.227971 -0.976809 481
-0.400380 -1.689886 -0.675760 482
-0.152160 -0.176882 0.562694 483
-0.401968 1.151012 0.038605 484
0.227614 1.080473 0.619946 485
-0.511785 -0.797086 0.972145 486
-0.967402 0.344966 0.999411 487
-1.350212 0.074774 0.358465 488
0.444535 -1.827733 -0.057658 489
0.111272 0.039275 -0.459801 490
-1.446131 -0.342282 -0.855310 491
-0.291513 -0.267889 0.324449 492
0.901042 -0.037750 0.101850 493
-0.974132 -0.613498 0.282966 494
-0.386834 -0.339525 0.245925 495
1.028043 -0.242764 0.044508 496
-0.985338 -0.239082 0.017715 497
1.599871 -0.396113 -0.582657 498
0.036632 -0.012427 0.275118 499
0.345594 -0.159747 0.645302 500
0.255158 0.267916 -0.737261 501
-0.707162 -0.410323 -0.331371 502
-0.414025 -0.666341 0.972473 503
-0.452796 -0.124366 0.486354 504
-0.420416 -0.914504 0.029774 505
-0.766376 0.038655 0.252490 506
0.195507 -1.094027 -0.668658 507
0.351564 -0.860693 0.331161 508
-1.417440 0.367057 0.874121 509
-1.496697 -0.604552 -0.723076 510
-0.430855 -0.684106 0.976064 511
-1.511166 -0.165266 -0.594567 512
0.815073 -0.437975 -0.044570 513
0.947100 -1.686938 -0.354506 514
-0.609236 -0.738209 -0.120035 515
0.756608 1.815200 0.180292 516
1.698377 0.609730 -0.366405 517
-0.132607 1.169884 0.917477 518
1.741446 -0.549918 -0.528439 519
-0.351975 1.428239 0.881609 520
-0.250161 -0.242039 0.356758 521
0.109857 -1.089189 0.004657 522
0.156706 -0.773291 0.816598 523
-0.028070 -0.998036 -0.242853 524
0.513151 -0.318218 0.586317 525
-0.021001 -0.510099 0.026900 526
-0.726072 -1.379161 -0.169300 527
0.788873 -0.205294 0.233464 528
-0.712691 -0.522089 -0.235001 529
-1.013916 0.599117 -0.955829 530
-0.624590 -0.364095 -0.559163 531
-0.766400 -0.901394 0.635172 532
-0.750217 0.131977 -0.970905 533
0.585084 -0.651823 0.310224 534
1.217798 1.234808 -0.211535 535
-0.605828 -0.115886 -0.869214 536
-0.647890 -0.158196 0.941566 537
-0.387960 0.846553 0.802606 538
-0.744288 -1.682167 -0.414208 539
1.836962 -0.574291 -0.376490 540
1.644488 -0.413287 -0.583293 541
-0.338264 -0.279091 0.824808 542
-0.463042 -1.774629 -0.537167 543
0.261314 -1.630229 0.007001 544
-0.159046 -0.205106 0.649133 545
-1.477178 0.026016 0.575431 546
0.229300 1.882662 0.435987 547
0.219844 0.035532 0.436944 548
1.238072 0.486161 0.440288 549
-0.491184 0.402331 -0.930978 550
-0.539007 0.684925 -0.044807 551
0.328765 0.902885 -0.214169 552
0.054131 -0.986699 0.300749 553
0.333939 -0.054572 0.555335 554
-1.244212 -0.961083 -0.815770 555
0.710700 0.706921 -0.001003 556
0.813050 -0.546720 0.037956 557
1.748998 -0.918271 0.143755 558
-0.012767 -0.185689 0.579561 559
-0.818979 0.598500 0.995234 560
0.013342 -0.020163 0.199045 561
-0.575356 -0.009573 0.475679 562
-0.257596 0.973590 0.820387 563
-1.079223 0.023133 0.078029 564
-0.577230 -0.129765 -0.806143 565
0.344250 1.526923 0.819908 566
-0.997266 -0.497947 -0.071279 567
0.325046 -1.408230 -0.871301 568
0.245247 0.531287 -0.835424 569
0.907106 -0.591769 -0.151983 570
-0.989910 0.945208 0.167594 571
-0.658879 -0.601052 0.991566 572
-0.503461 -0.720884 -0.423058 573
0.336265 -0.106012 -0.379288 574
-1.275121 -0.430305 -0.262164 575
0.517182 -0.255943 -0.243110 576
-1.241738 -0.063145 -0.968633 577
0.003949 -0.001991 -0.045518 578
1.029472 1.129308 -0.176913 579
-0.070337 -0.179410 0.296449 580
1.622016 0.376036 -0.411694 581
1.300984 1.440943 0.337361 582
-0.899175 -0.155508 -0.104399 583
-1.290279 0.384831 -0.533679 584
0.052572 -0.063374 -0.106008 585
0.015510 0.023027 -0.040276 586
1.833269 -0.587961 -0.375368 587
0.692559 -1.829385 -0.123476 588
-0.036218 -0.133698 0.322403 589
-0.309125 -1.732119 -0.155674 590
0.652472 -1.210918 -0.804692 591
-0.667627 -0.761189 0.033196 592
0.058505 -0.138263 0.526993 593
-0.151590 -1.692825 -0.091705 594
-0.670657 -0.083900 -0.929398 595
-1.183429 0.397761 -0.366325 596
-0.605922 -1.473879 -0.804781 597
-0.467843 0.468603 -0.147044 598
1.144641 0.008727 -0.142076 599
0.382398 0.154297 -0.623161 600
0.179897 -0.315069 0.759560 601
0.002187 -0.078332 0.322663 602
-0.409043 -1.002276 0.603636 603
-1.237404 -0.022397 0.969190 604
0.511306 -0.311104 0.587136 605
-0.018268 -0.817663 0.891124 606
0.679197 -1.608108 -0.666003 607
-0.788486 0.414487 -0.993860 608
-0.618208 -0.523388 -0.449095 609
1.866746 -0.057882 0.424552 610
-0.068217 0.756966 -0.929110 611
0.721851 0.483891 0.069410 612
-0.946472 0.792378 -0.607652 613
-0.406896 -0.881278 -0.135008 614
-1.184767 0.084779 0.177898 615
0.028083 -0.092608 0.427337 616
0.091970 0.783080 -0.856204 617
0.058917 -0.671802 -0.009679 618
0.057476 -1.814707 -0.100825 619
-0.855861 0.640957 -0.139473 620
0.344283 -1.185745 -0.797673 621
0.392452 -0.441822 0.729347 622
-0.232700 0.965109 -0.801782 623
-0.359276 -0.615275 0.956234 624
0.214880 -1.041679 -0.472262 625
-0.251601 1.513738 0.067245 626
1.585874 0.748199 -0.339486 627
0.432954 -0.719908 0.498140 628
0.019761 -0.151327 0.079418 629
0.347904 -0.447109 -0.134943 630
-1.182358 -0.010638 -0.183939 631
-0.152976 -0.272965 0.724541 632
0.411230 -1.819442 -0.500675 633
-0.894630 1.575248 0.416748 634
0.344638 -0.259474 0.709796 635
1.229111 -1.469918 0.109196 636
-0.162004 -0.993098 0.660568 637
0.299020 0.140012 -0.643699 638
1.381205 -0.657286 -0.626935 639
0.251532 0.285386 -0.747687 640
0.112337 -0.153167 0.585818 641
-1.467014 0.534527 0.797838 642
-0.747376 -0.459072 -0.224132 643
0.807918 0.141459 0.148911 644
1.271212 -1.031056 -0.711094 645
-0.920870 -0.594053 -0.052421 646
0.419523 -0.102892 0.561811 647
0.045694 0.085155 0.036016 648
0.479530 -0.606466 0.552566 649
-1.417615 0.906949 0.645953 650
0.002251 -0.000704 -0.053308 651
-1.358608 -0.344523 0.653086 652
1.682738 0.418146 -0.412314 653
0.005563 -0.158799 0.539384 654
-0.396406 -0.809624 -0.523949 655
0.500898 -0.652633 0.466654 656
-1.125461 -0.228675 0.184350 657
0.111546 -0.352880 0.773683 658
-1.016376 -0.754238 0.686493 659
-0.964195 -0.257402 -0.999840 660
1.162388 -0.674269 0.188583 661
-0.319005 1.054236 0.015149 662
-0.190626 -0.952718 -0.340403 663
1.569543 0.346550 0.565869 664
0.983514 -1.693676 -0.278698 665
0.428745 -1.880619 -0.356538 666
-1.050472 0.318180 0.995223 667
-0.767188 -0.410325 -0.978963 668
-1.109389 -0.062634 0.118399 669
-0.764996 0.356812 0.975300 670
0.851613 1.458440 -0.125641 671
-0.183241 -1.779684 -0.142484 672
-0.891514 0.248340 0.996172 673
-0.328085 -1.004279 0.423284 674
0.061382 -1.434238 -0.890037 675
-0.163074 -1.509807 -0.854290 676
-0.659100 0.567861 0.294156 677
0.549768 0.427945 0.142710 678
-0.602039 0.505227 0.866611 679
0.047132 -1.921649 -0.293766 680
-1.518153 0.376400 0.571420 681
-0.724680 0.107810 -0.238642 682
1.401892 -1.240895 -0.488644 683
-0.719231 -0.353599 -0.333879 684
1.394171 -0.059127 -0.377537 685
0.212303 -0.370448 0.794669 686
1.643148 0.240722 0.549329 687
-0.785191 0.038962 -0.976154 688
1.883813 0.505588 0.308889 689
-1.501601 -0.636491 -0.682907 690
0.670133 -1.017342 0.063839 691
1.076416 -0.840479 -0.608485 692
-0.752427 -0.903363 0.597069 693
1.060427 -0.001386 0.060239 694
1.904980 0.569081 0.153392 695
0.713240 0.288036 -0.326543 696
1.006967 -0.677711 -0.377523 697
-0.892900 1.584566 0.460813 698
-0.891743 0.004814 -0.994060 699
-1.359280 -0.694164 -0.372808 700
-0.781414 0.106069 -0.188594 701
0.781719 -0.498569 0.131921 702
0.365149 -1.261324 -0.852462 703
0.001758 0.454463 -0.836865 704
-1.015409 0.212312 -0.046031 705
0.121931 -1.102576 -0.722858 706
0.406576 -0.540328 0.698679 707
-1.114066 -1.064110 -0.840455 708
0.047067 0.047904 0.122083 709
-0.164706 0.943512 -0.819218 710
0.049723 0.996670 -0.081149 711
1.060174 -0.424534 -0.206230 712
-0.707632 -1.297841 -0.140235 713
0.162681 -1.493542 0.008998 714
-1.046530 0.789726 0.161371 715
-0.138971 0.188380 -0.407534 716
0.632728 -0.677776 -0.028630 717
-1.152180 -0.346748 0.282824 718
-0.208507 -1.861457 -0.234169 719
-1.406602 -0.280808 -0.890137 720
1.072129 1.660779 0.076429 721
-1.001553 -0.397341 -0.052749 722
-1.483125 -0.611854 -0.746886 723
0.673230 1.087900 -0.076153 724
0.057154 -0.084851 0.440616 725
-1.079545 0.406548 0.988139 726
-0.009408 -0.171456 0.558073 727
-0.575834 -1.634969 -0.208789 728
-1.346983 -0.349376 -0.327253 729
0.751474 1.466898 0.754322 730
-1.467971 0.578057 0.782843 731
-0.537271 -0.175934 0.346723 732
-0.126655 -0.979559 -0.209145 733
-0.258430 -1.650857 -0.741491 734
-0.242046 0.949026 0.169107 735
0.267795 -0.287554 0.747767 736
1.501883 -0.291521 -0.524675 737
-1.004067 -0.273306 -0.999139 738
-1.169034 0.197157 0.982578 739
1.360916 -1.440974 0.002707 740
-1.526734 0.162215 0.663432 741
0.174235 -0.114915 0.595998 742
-1.452750 0.392241 0.842848 743
0.086264 -0.091175 0.484951 744
-0.827763 -0.649568 0.107817 745
-0.677540 0.048701 0.935706 746
-1.440167 0.188094 0.453150 747
0.103217 -0.867268 0.751281 748
-0.823901 -0.086960 0.985074 749
-0.818361 0.425040 0.128979 750
0.053234 -1.007538 -0.256211 751
0.486522 -0.930298 -0.198265 752
0.046469 -0.115280 -0.011730 753
0.639703 -1.170430 -0.778107 754
-0.158684 -0.741637 0.947239 755
-0.484580 -0.907256 0.114945 756
1.695405 -0.967635 -0.305759 757
0.216947 -0.249244 0.721954 758
0.237705 -0.279293 -0.183149 759
0.563951 -0.473132 0.501138 760
-1.089584 -0.695633 0.713089 761
1.761436 0.907514 -0.124758 762
0.974842 -0.369154 -0.061299 763
-1.248942 -0.328533 0.407634 764
-0.635827 -0.886541 0.295656 765
-1.155737 0.596036 -0.579649 766
-0.248300 -1.124117 -0.934513 767
1.439556 0.282974 0.487430 768
-1.044998 -1.165867 -0.256819 769
-0.682985 0.056895 -0.305425 770
-0.567240 0.691835 0.308212 771
0.170401 -0.266326 0.722203 772
-0.619866 -0.006971 -0.907024 773
-0.552140 -0.047478 0.869863 774
0.210174 0.869653 -0.594898 775
-0.774642 0.237068 0.264362 776
1.775569 -0.509541 -0.501939 777
-1.468776 0.249727 0.486267 778
0.137394 -1.020185 -0.351181 779
0.063674 -0.219525 0.636315 780
1.866781 -0.010407 0.431017 781
-1.259069 -0.013334 -0.963347 782
-0.253983 -0.991135 0.190917 783
0.772912 -1.503417 -0.719991 784
1.831158 -0.153391 -0.477235 785
-0.338756 0.150384 -0.704330 786
-1.502171 -0.501518 -0.757766 787
-1.414137 0.198002 0.889835 788
-0.430370 -0.973927 0.331653 789
-0.620385 0.077181 -0.358117 790
-0.688092 -0.221093 0.960663 791
-0.250496 0.174849 -0.638025 792
-0.702705 0.176428 -0.960985 793
1.044030 -0.758988 -0.504566 794
-0.642432 1.326541 0.880559 795
0.409517 0.611109 -0.657905 796
0.388604 0.935848 0.066626 797
-0.606334 -0.164741 -0.853742 798
0.700193 -1.199317 -0.797946 799
-0.573115 0.181922 -0.315253 800
1.369347 -1.376287 -0.337108 801
-0.310152 0.649292 -0.956444 802
-0.640843 -0.945144 0.761981 803
-0.396964 -0.804714 -0.675047 804
-0.799815 0.131454 -0.981816 805
1.020505 1.316094 0.730029 806
-0.608720 -0.250243 -0.620102 807
0.206126 0.080935 -0.580736 808
-0.604582 -0.796767 0.000531 809
0.388316 0.147908 0.340333 810
-0.449524 1.147082 0.045570 811
-1.072044 -0.038462 0.997317 812
-0.085900 -0.321639 0.744957 813
-0.870021 -0.918748 -0.963969 814
0.216772 -0.829995 0.674110 815
0.282988 0.360796 -0.779746 816
-0.142476 -1.766572 -0.122517 817
-0.053044 -0.256237 0.154684 818
-0.066779 0.168725 -0.315527 819
-0.225836 -0.212095 0.410253 820
-0.469342 -0.861510 0.004825 821
-1.221510 0.988714 0.817003 822
-0.122722 1.082741 0.005157 823
-1.516931 -0.188456 -0.768573 824
-0.807225 -0.675731 0.113474 825
1.683817 0.986297 -0.187183 826
-0.979484 -0.329211 0.046404 827
0.200993 -0.196584 0.678773 828
0.593073 0.552311 0.081283 829
1.239625 -1.210345 0.218449 830
1.692700 0.662226 0.546413 831
0.345081 -1.112549 -0.685657 832
-0.291925 0.696944 -0.051164 833
-0.890644 -0.536390 0.070376 834
-0.679934 0.016515 0.939119 835
-1.400812 0.165597 -0.540402 836
-0.322644 1.123135 0.951266 837
-0.927216 -0.056359 -0.997417 838
-0.005540 -1.388618 -0.008733 839
0.837237 0.864120 0.454539 840
-0.798901 -0.676168 -0.994030 841
-0.384867 -0.831976 -0.755036 842
0.141261 -0.124495 -0.226265 843
0.543096 0.314890 0.202359 844
1.063744 -0.418187 -0.206236 845
-0.134644 0.985531 0.079077 846
-0.707525 1.209451 0.119164 847
0.519088 0.276209 -0.570063 848
1.495558 -0.955707 0.290533 849
-0.526949 -0.563876 0.092108 850
1.096036 0.174525 -0.093240 851
-1.191137 0.319085 -0.960891 852
-1.270252 0.250415 0.954667 853
1.178786 -0.509727 -0.401619 854
1.891577 -0.014903 -0.405119 855
0.630833 -1.094436 -0.695952 856
0.733747 -1.792200 -0.055700 857
0.343671 0.671645 0.057043 858
-0.480961 -0.025531 0.688015 859
-0.354921 0.360404 -0.228279 860
-0.844857 0.429481 -0.032084 861
-0.468683 -0.084610 0.803854 862
-0.877144 -1.322608 -0.217494 863
-0.423046 1.794072 0.261157 864
1.265169 -0.390432 -0.404955 865
0.346772 0.270477 -0.714435 866
0.399190 -0.835818 0.306807 867
1.351033 -0.117011 -0.360490 868
0.152186 -0.053603 0.519300 869
-0.598121 0.669965 -0.039039 870
0.088973 0.041864 0.280084 871
-0.099615 -0.769870 0.015863 872
-0.828004 -0.752543 -0.990785 873
-0.794100 -0.745892 0.962058 874
-0.596133 0.267372 0.719630 875
0.019364 1.703915 0.710175 876
0.897715 -0.051987 0.106209 877
1.136570 -0.119042 -0.156702 878
-0.143511 0.969610 0.471076 879
0.720118 -0.507372 0.224966 880
1.342783 -0.423553 0.277781 881
-0.702957 -0.158121 -0.372026 882
1.165190 0.201177 -0.151390 883
-1.047174 0.587811 0.979613 884
0.763850 -0.692667 -0.070140 885
1.445301 0.846488 0.665725 886
-0.963442 0.382661 0.024894 887
1.737700 0.613874 0.514351 888
1.732869 0.722195 -0.314679 889
1.731551 -0.993811 -0.076343 890
-0.114536 -0.634067 0.927240 891
-1.215669 -0.839995 -0.279011 892
0.270056 1.083179 0.620111 893
-0.254842 -0.189687 0.478468 894
1.794539 0.859748 0.141903 895
-0.895998 -0.496307 -0.014305 896
-0.534025 -0.978318 -0.029452 897
-0.598598 -0.071042 -0.513834 898
-0.244701 -1.670807 -0.725108 899
0.089631 0.120805 0.132078 900
-0.573214 0.615206 0.444949 901
0.444356 -0.593530 0.618882 902
0.013845 0.013156 0.032242 903
1.866439 0.299818 -0.371029 904
0.411512 1.645681 0.717446 905
0.314765 -0.158116 -0.321460 906
-0.573865 -1.048195 -0.050965 907
1.443022 -0.637501 0.320077 908
0.877440 1.592808 0.574475 909
0.924765 -1.094552 0.144227 910
-0.066953 -1.107392 -0.844873 911
0.061020 -0.015300 -0.286703 912
-0.595393 -1.346930 -0.116615 913
1.347007 0.410568 -0.280641 914
0.631278 -1.128162 0.072626 915
-0.079969 -0.177120 0.570051 916
-0.127692 -0.202391 0.348674 917
1.617538 -0.777293 -0.578530 918
-0.810309 0.391702 0.988408 919
-1.293664 0.140200 -0.357169 920
0.015317 0.573196 -0.005011 921
0.457778 -0.574783 -0.089677 922
-1.265605 0.561554 0.267393 923
0.439098 0.401049 0.166000 924
1.354208 0.954896 -0.270741 925
-1.108005 -0.209396 -0.991823 926
0.102139 -1.186433 -0.853400 927
0.247602 0.697937 -0.791978 928
0.745075 -0.793792 -0.219444 929
-0.648909 0.038898 0.920862 930
0.192294 -1.046513 -0.499759 931
-0.162837 -0.313963 0.762655 932
-0.190607 1.714342 0.110457 933
1.125583 -1.614188 -0.245039 934
1.042566 -0.512205 -0.252743 935
0.352745 -0.465515 0.764937 936
-0.454444 -0.750568 -0.763891 937
-0.566836 0.128354 0.753617 938
-0.537039 -1.320314 -0.904716 939
-0.900765 -0.672767 -0.062673 940
0.040140 0.514989 -0.868776 941
0.298156 -0.136747 0.641121 942
-0.410657 0.627436 -0.076998 943
1.772005 -0.915076 0.054655 944
-0.756437 -0.020922 0.244241 945
-0.554168 -0.138323 0.896323 946
0.295150 -0.141080 -0.332979 947
0.938878 0.342811 0.000346 948
-0.200691 -0.986854 0.070533 949
-0.333833 1.843285 0.455461 950
-0.834015 0.087233 -0.147229 951
-1.110773 0.510716 -0.367597 952
-1.436064 -0.870672 -0.627873 953
-0.692248 0.037612 0.943376 954
-0.537475 0.215559 -0.309820 955
1.457895 1.351511 -0.000861 956
0.312900 0.645333 -0.758048 957
-0.804181 -0.405708 -0.987768 958
-0.728023 -0.011291 -0.958542 959
-0.067130 0.238819 -0.193100 960
-0.157855 -0.334995 0.776739 961
1.350395 -0.146809 -0.369764 962
-0.681791 -0.638352 -0.153731 963
0.036289 -0.022596 0.289257 964
-0.162344 1.032510 0.003543 965
-0.601559 -0.665002 0.989070 966
-0.024573 -0.165442 0.547696 967
0.200877 -0.965937 -0.001378 968
0.338728 1.769790 0.597434 969
1.830111 -0.490249 0.339912 970
-1.468429 0.022579 -0.585145 971
-0.437615 -1.407464 -0.880335 972
-0.906722 0.074737 0.098386 973
-0.763763 -0.568327 0.995828 974
-1.396684 0.086455 0.415169 975
1.036696 -0.800428 0.146220 976
0.048190 -0.001193 0.294053 977
-0.649404 0.285674 -0.196470 978
-0.724545 0.264416 -0.973489 979
-0.669687 1.462343 0.173950 980
1.884804 -0.653695 0.078372 981
0.298222 -0.247515 0.719751 982
0.006909 -0.006759 0.114963 983
-0.472223 -0.780269 -0.335985 984
0.029329 0.207494 -0.612527 985
0.006691 -0.117657 0.464456 986
1.008475 0.995927 -0.160888 987
1.155597 0.130924 -0.143804 988
-0.826977 0.196587 0.985824 989
1.690303 -1.051015 -0.136634 990
-0.082256 -0.595825 0.911805 991
1.919536 -0.518539 -0.152256 992
1.259171 -0.756770 0.240733 993
0.015293 -0.068518 0.352885 994
-0.667873 -0.324885 0.966331 995
1.316930 -1.439704 -0.308504 996
0.858514 -1.540517 -0.645028 997
0.612639 0.255855 0.213536 998
-1.354296 0.290086 -0.559227 999
-0.720117 0.057067 -0.267020 1000
1.641053 -0.379146 -0.578141 1001
-1.397567 0.621167 0.401460 1002
0.105487 1.556782 0.826641 1003
0.112553 -0.027326 0.447812 1004
0.771115 0.628880 -0.010441 1005
0.650403 -1.040656 0.063400 1006
-0.307302 -0.910570 -0.250331 1007
-0.854162 -0.861045 0.728368 1008
1.088945 1.424729 0.607689 1009
0.727734 -1.304179 -0.818358 1010
-0.274310 -0.495861 0.901211 1011
-0.431168 0.154566 -0.818186 1012
0.029611 0.009655 0.201489 1013
-0.560156 -0.241717 0.274827 1014
-0.596092 1.619072 0.687098 1015
1.151721 -0.682543 -0.518961 1016
-0.935011 -1.425941 -0.703315 1017
0.328882 0.864549 0.013729 1018
-1.283260 -0.785531 -0.860648 1019
1.073570 0.280092 -0.084182 1020
0.514430 1.273914 0.840926 1021
-0.257436 -0.561748 0.923562 1022
-0.872005 -1.434508 -0.260575 1023
-0.597650 0.434813 0.812909 1024
-1.272992 -1.173541 -0.502329 1025
0.897514 -1.598608 0.089141 1026
1.677179 1.065685 0.159300 1027
-0.577803 -0.015916 -0.498654 1028
-1.311073 0.279306 0.938230 1029
-0.855969 -1.411804 -0.758019 1030
0.527155 -1.385888 0.071852 1031
0.176344 -1.142011 -0.775180 1032
-0.531410 0.022649 -0.837330 1033
1.189935 -1.369139 0.175296 1034
-0.525453 -0.750409 -0.905915 1035
-0.989719 -1.506509 -0.496003 1036
-1.245931 -0.624428 -0.260498 1037
0.121181 -0.418818 -0.052341 1038
-0.365786 0.993232 0.927490 1039
1.830442 0.442268 0.449315 1040
0.078592 -0.954650 0.520251 1041
-1.290041 -0.468384 0.765031 1042
0.416638 -0.241405 -0.264179 1043
0.562151 -0.494842 0.493945 1044
0.708542 0.970431 -0.064480 1045
-0.400892 0.859327 0.242462 1046
0.763340 -1.805611 -0.254093 1047
-1.496915 -0.642312 -0.578366 1048
1.243070 -1.234835 0.214045 1049
-0.099759 -0.172538 0.391686 1050
-1.094050 0.143009 -0.118492 1051
-0.705379 -0.110863 -0.354803 1052
0.011876 -0.016278 0.178897 1053
1.744648 -0.886801 -0.289762 1054
0.176900 -1.298506 0.017091 1055
0.657697 -0.810928 0.015626 1056
-0.029725 -0.228680 0.638273 1057
-1.255694 -0.190737 0.330694 1058
0.213348 -0.378553 0.798672 1059
1.997795 -0.033923 0.061688 1060
0.434917 -0.584858 0.638762 1061
0.009061 -0.195130 0.593515 1062
0.061666 -0.996002 0.066423 1063
0.542579 -1.484592 -0.805008 1064
0.132806 -0.227515 -0.121172 1065
-0.376882 0.823564 0.652737 1066
0.950214 -0.163185 -0.030223 1067
-0.394951 -0.897581 -0.883431 1068
-0.322867 -0.882309 -0.719384 1069
-0.452343 0.057353 -0.692319 1070
-1.014396 1.151592 0.234326 1071
0.111634 -1.900216 -0.412768 1072
0.111261 -1.018459 -0.347050 1073
-0.365923 -0.853057 -0.392272 1074
-0.960723 -0.383053 0.998063 1075
0.164465 0.152855 -0.623774 1076
0.095102 0.097332 -0.503348 1077
-0.542492 0.593169 0.647301 1078
-1.074796 -0.021850 -0.997173 1079
0.011976 -0.056196 0.187381 1080
0.007213 -0.359950 0.035829 1081
-0.152619 0.659022 -0.041590 1082
-0.539613 -1.180779 -0.951539 1083
0.013702 -0.006160 0.172677 1084
-1.054504 -0.371683 0.168768 1085
1.554993 -0.325509 -0.556002 1086
-0.923642 0.629958 -0.228030 1087
0.545627 0.920738 0.248016 1088
-0.005391 -1.000974 -0.232492 1089
0.301307 1.393506 0.877274 1090
-0.614938 -0.314354 -0.839166 1091
0.418354 -0.276792 -0.239277 1092
1.069112 1.029864 0.733901 1093
-0.615183 0.484112 0.881163 1094
-1.370535 1.019620 0.596855 1095
0.005706 -0.000902 0.107326 1096
0.131480 -0.088296 0.534589 1097
0.180986 0.011872 -0.487141 1098
0.041610 -0.237081 0.650746 1099
1.266930 1.111437 0.696112 1100
0.780709 0.295439 0.112916 1101
0.699921 1.664195 0.592739 1102
-0.286974 -0.187144 0.479917 1103
-0.243440 -0.278686 0.297890 1104
-0.123617 0.891890 -0.874637 1105
0.992292 -0.930745 -0.647862 1106
-1.049237 -1.439763 -0.565931 1107
-0.116358 -0.207882 0.634699 1108
-0.457652 -0.552048 0.105863 1109
0.329771 -0.823455 0.489547 1110
-0.729364 -0.498348 -0.973166 1111
0.010228 -0.001183 0.142941 1112
0.290570 1.065395 0.563927 1113
1.408270 -0.181085 -0.427086 1114
-1.121323 0.575777 -0.470611 1115
-0.017183 0.149025 -0.518659 1116
-0.543174 -0.677837 0.046508 1117
-0.480935 -0.033190 0.640851 1118
0.893881 -0.649086 -0.202064 1119
-0.341740 -1.217081 -0.951543 1120
-1.157298 0.173649 -0.201344 1121
0.574320 -1.015001 -0.530547 1122
-0.323992 0.872019 -0.012582 1123
-0.978325 -0.036255 -0.021801 1124
0.210395 -0.080286 0.581696 1125
-0.741347 1.146830 0.930649 1126
0.617415 -0.494687 -0.098529 1127
0.069015 -1.917935 -0.245040 1128
-0.349473 -1.001095 0.686909 1129
-0.124431 0.248424 -0.688321 1130
1.362282 -0.724050 -0.649477 1131
1.521686 0.479727 0.596022 1132
-1.207310 0.351724 0.198876 1133
0.319009 0.119054 -0.621133 1134
-0.632110 -0.383377 0.150906 1135
-0.627146 -1.549769 -0.189866 1136
-1.532474 -0.287159 -0.630017 1137
1.877930 -0.520125 -0.314449 1138
1.787517 -0.199330 0.446898 1139
-0.220801 1.865235 0.248284 1140
0.663758 -0.157003 0.374580 1141
0.411684 -0.474821 -0.129813 1142
0.410980 1.225696 0.826139 1143
0.178436 1.308640 0.894565 1144
-0.240024 -1.007255 0.614107 1145
-0.586689 -0.867021 0.933205 1146
-0.007203 -1.006411 -0.386535 1147
1.271588 0.842771 0.680421 1148
0.721994 -0.462573 0.253879 1149
0.281503 0.005907 -0.506999 1150
0.608885 -0.475267 0.429133 1151
-0.639712 0.912919 -0.395466 1152
-1.429674 0.552608 0.430688 1153
0.933734 0.317286 -0.019304 1154
-1.227483 -0.416039 -0.954975 1155
-0.056571 -0.974630 0.640769 1156
-0.720726 -0.164641 -0.344909 1157
-0.677846 -0.332989 -0.928524 1158
-1.064513 -0.475437 -0.108759 1159
1.071277 0.360009 -0.092928 1160
-1.265222 -0.123850 0.955753 1161
-0.860087 0.428534 0.063211 1162
-0.671343 0.625990 0.191681 1163
0.548530 1.189319 0.790954 1164
-0.379969 0.222874 -0.379686 1165
0.027994 -0.010992 -0.186309 1166
-0.581438 0.032810 0.868754 1167
0.221299 -1.725723 -0.672767 1168
-0.527776 -0.031373 -0.648431 1169
0.388548 -0.790806 0.449229 1170
0.512727 -1.638898 0.044018 1171
-0.039113 -1.650953 -0.758709 1172
-0.275243 -0.742712 0.962542 1173
0.213467 0.224208 0.205625 1174
-0.599916 0.150014 -0.921131 1175
1.296822 -1.502502 -0.038002 1176
-0.575826 -0.550817 -0.556898 1177
-1.170907 -0.245639 0.975709 1178
1.015809 0.340056 -0.051157 1179
-0.700859 -0.569472 -0.207272 1180
0.846595 -0.974309 0.104531 1181
-0.380714 0.821247 0.552163 1182
-0.494379 0.008014 -0.695919 1183
-0.128782 1.641627 0.762767 1184
-0.861353 -0.848888 0.794480 1185
-1.028831 -0.205757 0.998542 1186
1.844531 0.201287 0.465694 1187
-0.477076 0.933967 0.953972 1188
-0.932467 1.546639 0.426937 1189
0.048381 -0.087171 0.435211 1190
-0.667302 -0.608011 -0.224849 1191
-0.909992 -0.528504 0.992912 1192
-0.929272 0.048877 -0.997584 1193
0.086020 -0.122627 -0.121265 1194
1.095982 -1.376909 -0.646501 1195
0.257281 -0.944503 0.154023 1196
0.024764 -0.049946 0.033492 1197
0.139596 -1.250004 -0.884597 1198
-0.748579 -1.462188 -0.207580 1199
0.608900 0.931618 0.354931 1200
0.509838 1.210789 -0.058987 1201
-0.595542 -0.351359 0.183321 1202
-0.777346 0.412161 0.202965 1203
-0.187207 1.010682 -0.398191 1204
0.370269 -1.887940 -0.368851 1205
-0.185223 -0.260903 0.728911 1206
0.025547 -0.502942 0.004947 1207
-0.497943 -0.025674 0.785155 1208
-0.754203 0.152963 -0.972924 1209
-0.398181 -0.803157 -0.576898 1210
-0.641885 -0.553489 -0.350885 1211
-0.313868 0.352439 -0.232203 1212
-1.250444 -0.524544 0.734476 1213
-1.098443 0.368554 -0.225189 1214
0.357184 -0.276031 0.711641 1215
0.085256 -0.044168 -0.265575 1216
0.641042 -1.534944 -0.745112 1217
-1.307589 -0.585769 -0.306398 1218
-0.552802 -0.633631 0.984444 1219
1.808533 0.099379 0.489079 1220
1.345020 -1.171236 0.234453 1221
0.146324 -0.050421 -0.355051 1222
-1.515018 -0.447234 -0.566722 1223
-0.923793 0.416525 -0.020673 1224
0.045361 -1.783715 -0.084888 1225
-1.219889 -0.228640 0.302819 1226
-0.413117 -0.238595 0.347078 1227
-1.188111 0.127320 0.178354 1228
-0.600766 -0.020678 -0.890264 1229
-1.432407 -0.193117 0.658291 1230
-1.436880 -0.776062 -0.731785 1231
1.521397 0.251244 -0.394551 1232
0.152520 1.880757 0.455452 1233
-1.087134 0.868377 0.920219 1234
-0.061623 -0.144006 0.443791 1235
0.859258 -0.490284 0.018432 1236
0.386560 1.480923 -0.045755 1237
0.742998 -0.245396 0.290030 1238
-0.678946 -0.140282 -0.930619 1239
0.451927 1.734524 0.609961 1240
0.043200 -0.078948 0.414432 1241
-1.300004 -0.310557 0.904292 1242
-0.076345 -1.680306 -0.731315 1243
1.422668 0.314170 0.489655 1244
-0.438933 0.144281 -0.466729 1245
1.007671 -0.387019 -0.114996 1246
-0.836815 0.627141 0.995744 1247
-1.292153 -1.156553 -0.548854 1248
0.028583 0.109713 -0.461351 1249
0.960841 -0.296646 0.004126 1250
0.558569 -0.751643 0.188807 1251
0.757985 -0.243041 -0.146294 1252
0.086861 1.037335 0.511457 1253
0.076585 -0.970393 0.418155 1254
0.014342 -0.564067 0.890959 1255
0.495321 -0.329403 0.608932 1256
0.058004 -1.895335 -0.185988 1257
1.660464 -0.614892 0.369481 1258
0.203594 0.561858 0.061304 1259
1.069820 0.999567 0.720320 1260
-0.617639 -0.320281 0.192260 1261
1.339934 0.340481 -0.278500 1262
1.625607 1.066215 0.329735 1263
-0.502955 -0.257654 0.899250 1264
0.014101 0.028470 -0.109668 1265
1.464002 1.344881 -0.003129 1266
-0.473474 -1.224544 -0.062742 1267
-0.291051 -1.280348 -0.940092 1268
-0.964354 -0.523245 0.165009 1269
-1.007126 -0.411103 0.992595 1270
-0.718685 0.280701 -0.973555 1271
-0.852817 1.547933 0.626894 1272
-1.278540 -0.012310 -0.956921 1273
-0.655336 0.217342 0.907860 1274
-0.919372 -0.037150 0.076953 1275
-1.252216 0.368905 0.238251 1276
-0.299519 -0.414292 0.872408 1277
-0.230202 -0.175928 0.551255 1278
1.053133 -1.366177 0.168319 1279
1.249706 -1.022640 -0.717649 1280
-0.459190 0.340024 -0.903348 1281
-0.671567 -0.870798 0.306118 1282
0.078811 0.711855 -0.893499 1283
0.941110 1.012750 -0.140362 1284
0.920248 -0.068225 0.082895 1285
0.007318 0.066585 -0.243579 1286
-1.060698 0.323379 -0.991637 1287
-0.072845 1.898712 0.242189 1288
-0.408861 -0.098696 0.702975 1289
-1.018043 -0.021138 -0.017890 1290
-0.119523 -0.988700 0.643136 1291
0.863033 -0.883854 -0.508135 1292
-0.965438 0.787315 -0.651118 1293
0.881245 -0.606829 -0.132225 1294
1.116543 -0.984852 0.197146 1295
0.043063 -0.094303 0.443207 1296
0.010462 -0.567684 0.892627 1297
0.579350 -0.999711 0.041243 1298
-1.529596 0.183398 0.713571 1299
0.251901 0.390494 -0.799225 1300
-0.589591 -0.835870 0.953145 1301
0.716901 -1.802516 -0.067333 1302
-1.100891 0.633886 -0.879251 1303
-1.165095 0.768144 0.918357 1304
0.582216 -0.480308 -0.112782 1305
1.212934 -0.047033 -0.216950 1306
0.414564 -1.316924 -0.863170 1307
-0.523566 0.000060 0.590294 1308
-0.925328 -1.475534 -0.323669 1309
0.309252 1.172560 0.787101 1310
0.413285 -1.255702 0.047013 1311
-0.409539 -0.839065 -0.304825 1312
0.179084 -1.905202 -0.181037 1313
1.446291 -0.890210 -0.661257 1314
0.047857 -0.011665 0.307603 1315
-0.298805 1.001223 -0.346526 1316
1.227004 -0.406969 0.203841 1317
0.535364 0.861731 0.050722 1318
1.153263 -0.864925 -0.662449 1319
-0.755956 -0.789508 0.949306 1320
-0.671036 -0.120632 0.946272 1321
-0.888636 -1.104166 -0.160284 1322
-1.377210 0.167052 -0.883838 1323
0.972920 -0.488003 0.054421 1324
0.229115 -0.458580 -0.096895 1325
-1.161181 0.156513 -0.199979 1326
-0.253684 -0.393237 0.846713 1327
0.143292 0.473344 0.055627 1328
1.334058 -0.451835 -0.496393 1329
-1.426369 -0.187623 0.803860 1330
1.842339 -0.729173 0.147354 1331
0.016349 -0.021182 0.222957 1332
-0.665744 -0.281311 -0.916065 1333
-0.267014 1.798517 0.186088 1334
0.094536 -1.000488 -0.102042 1335
-0.151330 -0.209575 0.361267 1336
-0.914835 -0.415570 0.007451 1337
0.471105 1.102650 -0.039656 1338
0.153869 -0.006335 -0.440880 1339
0.767283 -0.108441 0.251369 1340
0.250569 1.082613 -0.012527 1341
-1.307635 -0.067403 0.942355 1342
-0.833076 0.056641 0.179332 1343
1.711035 -0.721399 0.326353 1344
-1.055231 -0.134036 0.072484 1345
0.341775 1.697418 -0.003065 1346
-0.426567 -0.856093 -0.188979 1347
1.675191 0.060815 0.511445 1348
0.174673 0.024685 0.426979 1349
0.179016 0.001984 -0.471695 1350
0.523829 0.327266 -0.574999 1351
-0.402950 -0.796720 -0.643675 1352
0.254250 -0.638097 -0.055767 1353
1.323379 -0.714439 0.267941 1354
-0.637944 1.537187 0.747211 1355
-1.302792 -0.117560 -0.948312 1356
-0.492521 -1.027784 -0.970135 1357
-1.181890 -0.641254 -0.938671 1358
-1.329578 0.544758 0.321513 1359
1.598932 -1.173234 0.071402 1360
0.252043 -0.573551 0.831486 1361
0.730817 -1.818696 -0.126459 1362
-0.510967 -0.015938 -0.719884 1363
-1.403626 -0.231833 0.614008 1364
0.403300 -1.633965 -0.730017 1365
0.238030 -0.103341 0.611633 1366
1.091677 1.332171 0.683289 1367
0.033913 1.900643 0.203505 1368
-1.227343 0.294014 -0.950726 1369
-1.079280 0.683888 0.960664 1370
-1.223711 -0.192929 0.290455 1371
1.863258 0.479301 -0.306554 1372
0.138162 -0.914527 0.583549 1373
0.882671 0.860567 0.490941 1374
0.475012 0.853577 -0.088831 1375
-1.394266 -0.819376 -0.762532 1376
-1.094249 0.138192 0.994686 1377
1.164157 -1.482211 -0.466100 1378
-0.480752 -0.637172 0.976927 1379
-0.642155 -0.078058 0.930516 1380
-1.504636 -0.358445 -0.539942 1381
-0.094385 -0.452128 0.079514 1382
-0.114471 0.211809 -0.639730 1383
-0.866971 -0.232083 -0.134559 1384
0.102575 -0.034697 -0.324312 1385
0.133779 -0.568596 0.876396 1386
-1.343205 0.383945 -0.769955 1387
1.682060 0.116243 0.523953 1388
-0.622161 -0.389946 0.964046 1389
-0.559028 -0.001660 0.512085 1390
-0.373033 -0.836596 -0.724269 1391
-0.148044 -0.317134 0.759658 1392
0.255969 0.143478 -0.649289 1393
-0.598058 -0.963050 0.710671 1394
0.605736 0.973408 0.455956 1395
0.287599 -0.876083 0.419396 1396
-0.545355 -1.157845 -0.065784 1397
0.813510 1.740050 0.007878 1398
-1.176920 0.481742 -0.923247 1399
0.024445 -0.997456 0.149052 1400
1.112832 -0.515464 0.141718 1401
-0.650908 0.066754 -0.333207 1402
0.181676 -0.076969 0.564730 1403
0.131379 0.121548 -0.568163 1404
-0.655907 -0.150634 -0.452376 1405
1.585037 -1.195044 0.058697 1406
0.279782 1.874656 0.118279 1407
-0.985021 0.405125 0.043675 1408
0.372778 -0.505310 0.744722 1409
-0.098916 -0.565260 0.047934 1410
-0.134779 -0.984994 -0.086790 1411
0.403344 1.614753 0.746663 1412
0.033268 0.031059 -0.298206 1413
1.861237 -0.584861 0.247429 1414
-0.967430 -0.769644 0.839662 1415
-0.521886 1.578820 0.748696 1416
-1.404162 0.164471 -0.855609 1417
-1.507318 0.043299 0.669856 1418
-0.628329 0.140168 -0.304081 1419
1.530924 0.061323 -0.435381 1420
-0.963308 0.193514 0.999754 1421
-0.149186 -0.955555 0.785646 1422
-0.946287 -0.579466 -0.993589 1423
-1.481599 0.157664 0.827952 1424
-0.575577 -0.568021 -0.525489 1425
-1.418015 -0.108240 0.858334 1426
-0.879153 -0.401016 0.021682 1427
1.545021 -0.807806 0.324811 1428
-0.698239 -0.889454 0.872432 1429
-0.276561 -0.235323 0.373829 1430
0.192495 0.911094 -0.490680 1431
-0.850683 -0.778655 -0.068131 1432
-1.115865 1.320981 0.660509 1433
-0.433661 -1.630931 -0.726011 1434
0.436316 -0.514836 0.669869 1435
1.960384 0.084134 0.264839 1436
0.174404 -0.480752 0.845284 1437
0.125307 -0.231240 -0.109669 1438
-1.463793 0.408576 0.467776 1439
0.034982 -1.220817 -0.894607 1440
-0.518080 0.325160 -0.921410 1441
0.724240 -0.191926 0.311584 1442
1.249372 0.427417 0.412582 1443
0.706387 1.642679 0.615486 1444
1.437482 0.502099 -0.326119 1445
-1.453750 -0.770122 -0.532407 1446
-0.204251 -0.498052 0.886953 1447
0.239624 -1.750576 -0.032442 1448
-0.062264 -0.182189 0.578363 1449
1.044602 1.372673 -0.166104 1450
-0.579703 -0.488643 -0.664711 1451
0.241083 -0.873067 0.527217 1452
0.769327 -1.064737 -0.698190 1453
-1.440901 -0.187844 0.703053 1454
-0.689655 -0.620361 0.993184 1455
-0.161182 0.978831 -0.724789 1456
0.575148 1.014275 -0.043127 1457
0.524679 -0.806452 -0.011233 1458
-0.580545 -0.812206 -0.005133 1459
-0.881425 0.083388 0.993047 1460
-0.018993 -1.877980 -0.180925 1461
-0.752784 -0.923857 -0.979274 1462
-0.087700 -1.186923 -0.911752 1463
-0.519239 -0.005503 0.590761 1464
-0.051922 -1.001433 0.369897 1465
0.797505 -0.000427 0.198404 1466
-0.136738 -0.703684 0.942709 1467
0.141437 -1.022992 -0.372809 1468
0.440199 -0.776210 -0.028223 1469
-0.626032 -0.671246 -0.952584 1470
-0.389781 0.946646 0.004700 1471
-1.266611 -0.499754 -0.261028 1472
0.525932 -1.453651 -0.823644 1473
-0.475235 0.202831 -0.359800 1474
-0.343263 1.524213 0.090592 1475
0.013412 -0.547275 0.007418 1476
-0.435526 1.825880 0.358077 1477
0.370696 -0.838368 0.361363 1478
0.811695 1.458099 -0.119557 1479
-0.591022 -0.149518 0.328212 1480
-0.262675 0.622302 -0.070637 1481
0.383502 0.078436 -0.560283 1482
0.006945 0.004103 -0.125135 1483
0.002930 -0.082498 0.357238 1484
-0.018826 -1.269769 -0.918913 1485
0.087144 -0.376468 0.787468 1486
0.196060 1.346807 0.894609 1487
0.379275 -0.458364 -0.134461 1488
1.757369 -0.121993 -0.515151 1489
-0.630611 0.145236 0.501196 1490
-0.645523 -1.663539 -0.267019 1491
0.066790 -0.022856 0.366221 1492
-0.710529 -0.261588 0.173623 1493
-0.251854 -0.212286 0.720020 1494
-0.035425 -1.738536 -0.081656 1495
-0.122380 1.811034 0.145304 1496
0.009651 -0.010176 0.018979 1497
-1.302132 -0.114094 0.941179 1498
-0.270682 0.908571 0.620958 1499
0.330173 -1.891443 -0.144775 1500
0.028486 -1.323069 -0.915034 1501
1.013556 -0.620945 -0.322438 1502
-0.251924 -0.917174 -0.550946 1503
1.385453 -1.284149 0.181546 1504
1.748591 0.121625 0.517643 1505
0.027283 -0.559759 0.888242 1506
0.236302 1.285871 0.880810 1507
0.909131 -0.260567 0.071850 1508
1.649820 1.029618 0.327802 1509
0.718914 -0.294292 0.318243 1510
0.046975 -0.465212 -0.004629 1511
-0.518016 -0.869961 0.045504 1512
0.798007 1.735728 -0.001530 1513
0.263847 -1.073916 -0.592925 1514
-1.120131 0.458404 0.143738 1515
0.840439 0.410818 0.040217 1516
-0.939191 1.124706 0.188062 1517
-1.470368 -0.075482 0.639716 1518
-1.454530 -0.134319 0.773348 1519
1.308124 1.371100 0.446012 1520
1.315407 0.122754 -0.278251 1521
0.165855 0.594975 -0.870711 1522
-0.161071 -0.204825 0.384257 1523
-0.026395 -0.192692 0.590432 1524
0.075275 -1.087556 -0.714649 1525
0.121375 -1.923554 -0.302984 1526
1.621242 1.075242 0.325916 1527
-0.627064 -0.718239 -0.124934 1528
-0.617232 0.385532 0.576494 1529
0.570300 -0.569021 0.429825 1530
1.548277 -1.255725 -0.016768 1531
-0.803029 0.069329 0.216186 1532
-1.496322 -0.043389 -0.779735 1533
1.821359 0.665603 0.342060 1534
1.778440 0.553548 0.485256 1535
0.464523 -1.224313 -0.820631 1536
0.596128 0.199727 -0.461380 1537
1.253912 -0.585496 0.229625 1538
-0.539867 -0.694877 0.985447 1539
-0.558913 0.559559 0.632320 1540
-0.101974 -1.623167 -0.779505 1541
-0.176755 -0.334270 0.782936 1542
0.243646 -1.276918 -0.876750 1543
-0.776771 0.111576 -0.190650 1544
-1.423219 0.750110 0.465261 1545
-0.211365 -0.177945 0.538308 1546
-0.888734 1.506780 0.317234 1547
-0.181620 -0.319778 0.774357 1548
1.958209 -0.161950 0.246708 1549
-0.127606 -1.814328 -0.149455 1550
1.831987 -0.451315 0.353195 1551
0.921236 -0.719809 -0.330978 1552
1.691791 -0.780290 -0.495286 1553
-0.509898 -0.599893 0.079779 1554
-0.060636 -0.165626 0.306634 1555
0.021764 -1.033752 -0.569280 1556
-1.482638 0.009499 0.798223 1557
0.068549 0.044379 0.218893 1558
-0.513258 -0.017654 -0.684328 1559
-1.382063 -0.091186 -0.910984 1560
0.828108 -0.749030 -0.255585 1561
-0.370701 -0.956658 0.140917 1562
-0.751084 -0.272475 0.979587 1563
-1.071968 -0.695059 0.824111 1564
-1.430215 -0.371428 -0.421720 1565
1.260598 -0.706349 -0.605987 1566
0.970654 1.542263 0.568976 1567
-0.755762 -0.196789 0.172881 1568
-0.123951 -0.837097 0.011789 1569
0.035093 0.015330 0.198809 1570
-0.146280 -0.215828 0.340866 1571
0.063607 -0.205405 0.619530 1572
0.166996 -0.135644 0.609929 1573
-0.862225 -0.822309 0.506956 1574
0.591744 1.853401 0.122393 1575
1.873277 -0.668022 -0.149084 1576
-0.919655 1.383874 0.747781 1577
0.090575 -0.019068 -0.339475 1578
-0.855932 -0.294009 -0.134019 1579
-1.363687 0.237105 -0.526371 1580
0.196188 -0.119323 -0.299244 1581
1.524787 -1.130494 -0.439281 1582
-1.072918 -1.267502 -0.316511 1583
-0.519109 -0.884314 -0.006912 1584
0.149267 0.993592 0.063056 1585
-0.847092 0.683237 -0.973683 1586
-0.003529 -0.115177 0.451193 1587
1.520880 0.491396 -0.363061 1588
-0.342808 -0.298822 0.836819 1589
0.364200 -0.979395 -0.239185 1590
0.010003 -0.014122 0.138703 1591
0.172338 -0.769797 0.806106 1592
0.518386 -0.067155 0.468386 1593
0.691478 -1.826618 -0.283176 1594
-0.531510 0.878290 -0.095772 1595
-0.784732 -0.790464 0.940466 1596
-0.233844 -1.010533 0.561013 1597
-1.364211 -0.079966 0.427777 1598
0.815922 -0.249669 -0.107597 1599
0.744852 1.288373 0.815732 1600
-0.751376 1.659903 0.358082 1601
-1.514025 0.156602 0.770326 1602
-0.178440 1.244986 0.938707 1603
-1.298453 -1.056166 -0.432462 1604
-0.569781 -1.750382 -0.512636 1605
-0.821274 -0.820310 -0.067379 1606
1.670105 0.271050 -0.440626 1607
-0.160696 -0.937918 0.827571 1608
-1.531155 -0.356832 -0.726685 1609
0.032275 -0.014855 0.264176 1610
-1.254362 0.167468 -0.318096 1611
1.363492 -1.176982 0.232666 1612
1.281412 -1.107831 -0.689960 1613
-0.746861 -0.695068 0.984515 1614
0.619377 -0.287186 -0.194393 1615
-0.501360 -0.004451 0.751820 1616
1.709410 0.300732 0.553819 1617
-0.524796 0.971888 0.971857 1618
-0.933902 1.413467 0.289766 1619
-0.070280 -0.992604 -0.151313 1620
1.925616 0.539723 0.000730 1621
0.666914 -0.583011 0.245258 1622
-0.546697 -0.080189 -0.738210 1623
0.710253 -0.103917 0.310917 1624
-0.302033 -0.886093 -0.623538 1625
-0.415475 1.818296 0.298275 1626
-1.366740 -0.377916 -0.903491 1627
-1.190280 0.880508 0.270178 1628
0.240056 -1.109307 -0.692965 1629
-0.504428 -0.496653 0.126942 1630
0.984443 1.630304 0.426496 1631
-0.268404 -0.933641 -0.211521 1632
0.362765 -0.163387 0.640209 1633
-1.165493 1.193984 0.732994 1634
1.005122 -1.418219 0.152744 1635
-0.668656 -0.405282 -0.417278 1636
0.192662 -0.691109 0.840569 1637
-0.877735 1.552392 0.597984 1638
-0.555583 -0.945731 0.389671 1639
-0.281423 0.959234 0.002336 1640
-0.585121 0.601647 -0.065995 1641
-0.046455 -0.720975 0.927964 1642
0.033710 0.085389 -0.021318 1643
0.130203 -0.456740 -0.051684 1644
-0.502677 -1.574566 -0.152047 1645
0.941095 -1.263191 0.156343 1646
-0.590302 -1.228514 -0.931069 1647
-1.314315 -0.737326 -0.858082 1648
-0.582300 -0.604931 -0.435369 1649
0.711348 -0.067183 0.299311 1650
-0.715035 -0.917467 0.577894 1651
0.005340 -0.001013 0.104120 1652
0.035387 -0.046460 0.336458 1653
-0.436546 -1.282441 -0.932389 1654
-1.166240 -0.050930 -0.162460 1655
0.562485 -1.393275 0.078252 1656
-0.719988 -0.139986 0.227118 1657
1.750941 0.701780 0.455147 1658
0.065534 1.911261 0.379064 1659
0.797212 1.040004 0.679635 1660
0.484143 1.690218 0.652021 1661
1.243818 -0.162370 0.216742 1662
-1.537094 -0.351580 -0.652659 1663
-0.368940 0.593468 -0.952655 1664
0.470787 -0.439137 -0.146426 1665
0.091889 0.133872 0.122874 1666
0.899796 -1.599576 0.088616 1667
-0.259206 0.762729 -0.960031 1668
0.931615 0.319744 -0.021062 1669
-1.293694 0.384445 -0.540262 1670
-0.923514 -0.770139 0.481543 1671
0.283785 -0.562437 -0.080533 1672
-0.612832 -0.323932 -0.833251 1673
0.043963 1.880367 0.465147 1674
1.309751 -1.178318 -0.637093 1675
-0.848029 -0.846896 0.825963 1676
-0.179901 -1.692534 -0.712106 1677
-1.426030 -0.202268 0.789327 1678
0.527944 -0.025150 0.433437 1679
-0.127352 -1.805145 -0.585657 1680
0.650375 -0.731972 0.054737 1681
-0.289538 0.897133 0.445374 1682
0.401498 0.831316 0.017513 1683
1.914004 -0.493788 -0.214577 1684
0.643890 0.888756 0.288695 1685
1.935097 -0.223742 0.288077 1686
0.208355 0.984499 -0.000660 1687
-0.561983 -0.574514 -0.572735 1688
-1.280813 -0.285426 0.423505 1689
-0.549640 0.185132 -0.329225 1690
-0.050006 -0.136374 0.413024 1691
-0.799722 -0.316764 0.095760 1692
-0.663790 -0.319647 -0.459954 1693
-1.451238 -0.528455 -0.457029 1694
-1.370508 -0.192762 -0.362295 1695
-1.088022 0.142880 0.995248 1696
0.519840 -0.787262 0.185197 1697
-0.707775 -1.374949 -0.161074 1698
-1.298433 0.381073 0.280440 1699
0.715457 -0.327802 0.317901 1700
-0.457845 -0.155476 0.839919 1701
-0.675639 0.940257 -0.660672 1702
0.924104 -0.615525 -0.202713 1703
0.310158 1.856825 0.467781 1704
0.808263 -1.783920 -0.268781 1705
-0.604773 -0.960684 0.599720 1706
0.306071 -0.308704 0.750004 1707
1.058079 0.001061 0.058039 1708
-0.398971 -0.167232 0.799220 1709
-0.282792 0.181998 -0.497201 1710
0.458797 -0.895913 -0.027174 1711
0.007666 -0.001581 0.124873 1712
0.114158 -0.393092 -0.051682 1713
0.129977 -0.053015 0.497144 1714
-0.747758 -0.623678 -0.987688 1715
-0.129996 -0.170842 0.502533 1716
1.096398 1.030053 0.735158 1717
-1.367699 -0.017553 0.407533 1718
0.154107 -1.295360 0.014327 1719
-0.025219 -1.548542 -0.835060 1720
-0.454298 0.823562 0.238519 1721
0.115289 -0.017402 -0.380633 1722
1.434241 1.368820 -0.023928 1723
-0.637082 0.016734 -0.383311 1724
0.481409 -0.277652 -0.235496 1725
-0.878558 -1.418961 -0.256972 1726
0.433616 -1.404103 0.055737 1727
0.436569 -0.362836 0.678345 1728
-0.410976 -0.813764 -0.416991 1729
-1.316382 -0.004724 -0.334611 1730
-1.106197 -0.557515 -0.971082 1731
0.158393 -0.192752 -0.177299 1732
-0.394471 0.168596 -0.796314 1733
1.810218 0.668890 0.365753 1734
-0.314239 -0.990418 0.745769 1735
-1.119601 -1.122336 -0.808863 1736
1.814507 0.235643 0.493551 1737
-0.737965 -1.156784 -0.116973 1738
0.278392 -0.899870 0.345648 1739
-0.364482 -1.004109 0.650986 1740
0.134800 -0.254508 0.699841 1741
0.305576 -0.008169 -0.490032 1742
-0.550189 0.949851 0.974372 1743
1.798509 0.871531 -0.002259 1744
-1.310093 -0.233189 -0.941498 1745
-0.651852 0.211231 0.482067 1746
-0.764716 -1.516304 -0.240269 1747
-1.424724 -0.528282 -0.421652 1748
0.400855 -1.902350 -0.282524 1749
-0.004021 0.534869 -0.015937 1750
-0.237517 -1.831366 -0.206249 1751
-0.694505 -0.991072 -0.974775 1752
0.013114 0.321819 -0.038408 1753
-0.434764 0.891384 0.035726 1754
-0.615152 1.449264 0.818565 1755
-0.822688 0.238393 -0.989655 1756
-1.501986 0.323278 0.536816 1757
-0.026476 -0.325692 0.739429 1758
0.171164 -0.073461 0.554498 1759
-0.404532 1.321262 0.065093 1760
0.051877 -0.005955 0.310980 1761
-0.119768 -0.319681 0.752366 1762
-1.033892 0.008963 -0.999423 1763
-0.764699 0.835902 0.987612 1764
-0.001215 -0.090686 0.375599 1765
0.574134 0.645747 0.051275 1766
0.046968 -0.056616 0.376437 1767
-0.685953 0.289578 -0.174082 1768
-0.441742 1.405597 0.880637 1769
-0.178530 -1.642180 -0.081593 1770
-0.322373 -0.178215 0.488708 1771
1.367104 -0.501226 -0.544716 1772
0.002251 -0.000135 -0.066464 1773
-0.567392 -0.744306 0.982758 1774
-0.930110 0.585530 0.994509 1775
1.058874 0.008341 -0.058344 1776
0.970602 -1.512416 -0.603475 1777
-1.080163 0.557427 0.133771 1778
0.695530 1.825743 0.280643 1779
1.887846 -0.204359 0.372964 1780
-0.867931 -0.767934 -0.986397 1781
-0.001016 -0.194553 0.110373 1782
-1.159584 0.124762 0.151305 1783
-0.427259 -0.567518 0.100829 1784
0.014411 -0.037837 0.247877 1785
-0.233296 1.854783 0.476605 1786
0.007516 -0.002033 0.124543 1787
0.651235 0.683208 0.022439 1788
1.586764 -1.124399 0.170398 1789
-0.542472 0.056495 -0.864962 1790
-0.495009 0.693219 0.776946 1791
1.033701 1.655709 0.303789 1792
0.017446 -0.005554 0.190475 1793
0.117175 -0.733853 0.868598 1794
1.919132 0.147099 0.361012 1795
-1.177711 0.474811 -0.925800 1796
0.049472 -0.037435 0.346740 1797
0.029891 -0.004407 0.242107 1798
-1.094343 -0.074474 -0.090911 1799
-0.824103 -0.331236 0.075946 1800
1.795561 0.327923 0.507829 1801
-1.478638 0.160777 0.831855 1802
-1.471203 0.078893 -0.647709 1803
0.104972 -0.059723 -0.272157 1804
1.378657 0.344968 0.473621 1805
0.214961 1.130351 -0.013754 1806
-0.434033 0.084214 -0.613943 1807
0.632291 -0.712646 0.123729 1808
-0.618512 -0.426766 -0.867317 1809
-0.202497 -1.101111 -0.908906 1810
-1.362814 0.659014 0.369946 1811
0.557855 -1.691410 0.033071 1812
-0.439401 -0.416335 0.918817 1813
-0.963045 0.014949 -0.999321 1814
-0.692760 -1.482344 -0.771346 1815
-0.024675 1.069000 0.749451 1816
-1.525298 -0.148505 -0.666739 1817
-1.205031 -0.463290 0.912460 1818
-0.588451 0.213720 0.731977 1819
-1.063755 0.484825 -0.270716 1820
-0.577595 -0.163221 -0.754631 1821
0.035355 -0.501294 0.862386 1822
-1.441940 0.203030 0.868806 1823
-1.490560 -0.483643 -0.781993 1824
-0.158376 -1.052878 -0.839122 1825
0.104531 -0.658964 0.891264 1826
-0.826633 0.262691 0.183848 1827
0.318140 -0.907605 0.216632 1828
0.037933 -1.031872 -0.535485 1829
-0.088749 -0.558070 0.897883 1830
0.315040 1.101007 0.661990 1831
-0.688592 -0.847058 0.927022 1832
-1.398712 0.066929 -0.886817 1833
0.171478 -0.206349 0.674292 1834
-1.498604 -0.655781 -0.598080 1835
0.948306 -1.239416 -0.778688 1836
0.007051 -0.003679 0.125163 1837
0.697202 1.632006 -0.067476 1838
0.443694 -1.050205 -0.551584 1839
-1.533233 -0.303600 -0.723784 1840
0.430775 -0.716488 -0.044854 1841
-1.506012 0.412583 0.542529 1842
0.006806 -0.193607 0.093333 1843
0.205737 -0.991971 -0.125036 1844
0.064545 0.014758 -0.352019 1845
-0.900400 0.149187 -0.996180 1846
0.267539 0.542119 -0.824010 1847
0.841127 -0.357926 0.129031 1848
-0.167688 0.212421 -0.371340 1849
-0.808658 -0.048046 -0.205699 1850
-0.361890 -1.515823 -0.829536 1851
-0.293475 1.730007 0.655599 1852
-0.598996 -1.629929 -0.674578 1853
-0.571295 0.143476 0.713281 1854
-0.981521 -0.388505 0.082041 1855
-0.560669 0.013887 0.853196 1856
0.106297 -0.518779 0.866297 1857
-0.859865 -0.432854 0.023015 1858
-0.279810 0.912807 0.337554 1859
1.389320 -0.888751 0.285222 1860
0.262374 1.668391 0.724781 1861
1.384343 0.271503 -0.312179 1862
-0.279746 -0.499599 0.124203 1863
-0.572986 0.700160 0.276570 1864
0.571053 1.270419 0.834214 1865
-0.741382 -0.162767 0.970358 1866
0.553303 0.496482 0.111391 1867
1.624132 -1.160316 -0.061422 1868
0.016288 -0.049286 0.298112 1869
-1.393882 -0.766411 -0.788708 1870
0.012871 -0.083291 0.389047 1871
-0.732364 -1.678394 -0.509028 1872
0.646601 1.067860 -0.067048 1873
-0.875163 0.533660 -0.995165 1874
0.019313 -0.018685 0.229026 1875
1.917379 -0.568180 -0.003288 1876
-0.310572 0.881752 0.472051 1877
-0.051997 0.271714 -0.690334 1878
-0.711426 0.694626 -0.987034 1879
-1.476596 -0.624877 -0.751801 1880
-0.054111 -1.816247 -0.129396 1881
-0.267715 -1.055831 -0.912327 1882
-0.045215 0.689094 -0.927232 1883
-0.501777 0.559309 -0.097817 1884
0.043710 -0.861588 0.814826 1885
0.452276 1.837598 0.067872 1886
0.245011 0.154366 -0.657086 1887
-1.264500 -0.884839 -0.835952 1888
-1.101309 -0.147574 0.127978 1889
-0.285417 0.259197 -0.783415 1890
-0.584948 -0.943221 0.430071 1891
0.446939 0.023665 -0.480937 1892
-1.210495 -1.250608 -0.466585 1893
-0.501288 -0.684743 -0.782970 1894
-0.861264 -1.605036 -0.493791 1895
-0.293247 -0.916514 0.894601 1896
-0.658699 0.503398 -0.984979 1897
0.177434 0.533194 0.058817 1898
0.490607 -1.384910 -0.851103 1899
0.542353 0.119506 0.325412 1900
0.196506 -0.657685 0.849768 1901
-0.501717 -1.136157 -0.053060 1902
1.248889 1.474334 0.361928 1903
-1.475012 -0.411542 -0.485176 1904
-0.572987 -0.142386 0.907068 1905
0.136583 1.584830 0.805927 1906
-0.170854 1.885267 0.263950 1907
0.788540 -0.055208 -0.191303 1908
0.497835 -0.902907 -0.119698 1909
-0.662477 -0.421935 -0.422298 1910
-0.098257 1.061202 0.800548 1911
-1.424929 -0.229143 -0.880987 1912
-0.530444 -0.603942 0.075190 1913
-0.243717 -1.348767 -0.040213 1914
0.054478 -0.044273 -0.167862 1915
0.214866 -0.478525 0.837020 1916
0.011921 -0.017541 0.073116 1917
-0.030933 0.998386 0.298761 1918
-0.241533 0.230940 -0.374707 1919
-0.542105 -0.634271 -0.517044 1920
0.768913 -1.405325 0.116712 1921
0.012012 -0.017803 0.073679 1922
0.195615 -0.145586 0.634972 1923
0.876716 -1.763687 -0.209450 1924
-0.578870 0.025118 -0.454379 1925
0.324462 -1.667865 -0.714899 1926
-0.334324 -0.918257 -0.130828 1927
1.624877 0.796862 -0.325272 1928
1.568625 -1.059295 0.235412 1929
0.192622 -0.411421 -0.095461 1930
1.887963 0.658850 0.004823 1931
0.331258 -1.485854 -0.843441 1932
0.016844 0.120698 -0.475821 1933
-0.706384 1.333910 0.860529 1934
0.029499 -0.028954 -0.088070 1935
0.398316 0.981278 -0.011498 1936
1.270914 -0.023479 -0.265652 1937
-1.267789 -0.976977 -0.791953 1938
-0.143195 -0.679270 0.940535 1939
0.369945 -1.103638 -0.666880 1940
-0.362253 -0.242259 0.357027 1941
-0.766870 -0.536003 -0.124290 1942
0.390130 0.846323 0.014894 1943
-0.352973 -0.919257 0.898455 1944
-1.137258 -0.424977 0.322272 1945
0.698928 1.184253 -0.094320 1946
0.405647 0.890314 0.004694 1947
0.112212 -0.991105 0.045214 1948
-0.114946 0.993380 -0.608109 1949
-0.384403 0.983409 0.010555 1950
1.725512 0.006069 -0.498094 1951
-0.163155 0.970608 0.201709 1952
0.008019 -0.062980 0.256283 1953
-0.365723 1.485380 0.848083 1954
-1.201197 -0.606912 -0.938193 1955
0.105810 -1.022339 -0.386183 1956
-0.695265 -0.188138 -0.391525 1957
1.707909 -0.900545 -0.365149 1958
-0.428367 -0.977951 0.786040 1959
-0.529867 0.114510 -0.417608 1960
0.004334 -0.003022 0.091453 1961
-0.970053 0.247704 -0.001518 1962
0.012592 -0.000986 0.157778 1963
-1.020082 1.329080 0.306966 1964
0.942757 -0.068729 0.058782 1965
-0.339055 -0.514580 0.124411 1966
0.862254 -0.919326 0.099976 1967
-0.301521 0.904974 0.309471 1968
-0.258476 -0.995020 -0.003586 1969
-0.859094 -1.601525 -0.516057 1970
-0.953585 -0.565006 -0.993776 1971
1.239214 1.473847 -0.100056 1972
-0.404360 -0.842338 -0.306674 1973
-0.264610 -0.192787 0.702781 1974
1.527018 -0.538247 -0.613095 1975
0.467499 1.019774 0.477705 1976
-1.199009 0.384699 -0.944286 1977
0.820863 -1.787810 -0.129513 1978
0.311160 0.653371 -0.755120 1979
1.296114 -0.145504 0.260285 1980
0.121451 1.048482 -0.003182 1981
0.060492 0.473134 0.012372 1982
1.663982 -1.026216 0.173518 1983
-1.436341 0.163721 -0.627814 1984
-1.473682 0.629562 0.512998 1985
0.232610 -1.709005 -0.688997 1986
-0.832718 -0.350904 0.995289 1987
1.355270 1.426627 0.250838 1988
-0.119313 -0.186691 0.596698 1989
0.188511 -0.259786 0.722668 1990
-1.145987 -0.536357 -0.964165 1991
0.018556 0.038736 -0.071559 1992
-0.293337 -0.635433 0.951119 1993
-1.340665 -0.392008 0.712996 1994
0.096129 1.347165 0.906393 1995
1.688364 0.240012 -0.448998 1996
1.159994 -0.580892 0.177137 1997
1.208095 1.542457 -0.032627 1998
-0.570590 -0.659315 -0.366353 1999
