9 13
41307.21 627006.65 139599.31 302493.00 140924.00 167755.53 0 1350774.00 1209850 Ashfield
99808.15 880323.64 201846.94 558976.79 307255.60 425352.05 0 1740955.52 1433699.92 Baulkham_Hills
28963.00 938865.00 399898.00 274576.00 214361.00 292281.00 54131.00 1642302.00 1427941.00 Blue_Mountains
172120.23 1917272.86 732030.64 726887.21 603018.28 705319.22 32096.56 3548310.93 2945292.65 Campbelltown
17460.00 382202.00 115157.00 123017.00 140030.00 112201.00 0 637836.00 497806.00 Coffs_Harbour
25162.40 280711.26 191589.87 182299.95 129868.21 177029.06 0 679763.48 549895.27 Great_Lakes
142686.00 802559.00 341953.00 608043.00 239434.00 234952.00 18628.00 1895241.00 1655807.00 Holroyd
119769.00 2984533.00 731212.00 897660.00 487643.00 1857566.00 1144371.00 4733174.00 4245531.00 Lake_Macquarie
53328.00 1559697.00 384172.00 393706.00 319864.00 486908.00 0 2390903.00 2071039.00 North_Sydney
24151 508640 182549 88830 292535 198976 68085 804170 511635 Queanbeyan
42029.36 607915.47 1099441.47 206367.45 172452.10 160048.00 22100.00 1955753.75 1783301.65 Shellharbour
20775.17 988724.18 294346.50 207396.02 239301.73 961705.73 719815.41 1511241.87 1271940.14 South_Sydney
222977.00 390393.00 325852.00 82096.00 367214.00 414136.00 133977.00 1021318.00 654104.00 Wingecarribee