9 50
60510.00 1536711.00 391239.00 212829.00 419008.00 413942.00 40000.00 2201289.00 1782281.00 Hornsby94
84758.00 363125.00 481090.00 1314771.00 389865.00 1197164.00 0 2243744.00 1853879.00 Ku-ring-gai94
54244.33 785953.45 358503.46 145526.43 183960.07 328418.80 0 1344227.67 1160267.60 Lane_Cove94
22512.86 593405.79 198018.30 109844.57 168473.10 201710.56 0 923781.52 755308.42 Mosman94
62223.00 1301667.00 323379.00 263128.00 242686.00 604119.00 604119.00 1950407.00 1160267.60 North_Sydney94
90506.00 2633059.00 509646.00 403666.00 678244.00 687226.00 0 3636877.00 2958633 Sutherland94
167490.00 1638512.00 128151.00 527557 579820.00 608635.00 64099.00 2461710.00 1881890 Warringah94
58099.00 1096551.00 282726.00 241143.00 208512.00 349223.00 0 1678519.00 1470007 Willoughby94
70591.35 552999.76 153801.23 185420.07 114755.26 164257.37 0 962812.41 848057.15 Ashfield95
68422.00 900256.00 165234.00 253908.00 139859.00 189480.00 0 1387820.00 1247961.00 Auburn95
943349.72 678529.73 186108.36 207108.66 322011.40 1313558.40 681494.97 2015096.47 1693085.07 Baulkham_Hills95
64813.00 303094.00 88282.00 107828.00 94502.00 96907.00 0 564017.00 469515.00 Camden95
176230.88 1956224.04 949547.67 895643.33 401409.28 426785.43 25171.44 3977645.92 3576236.64 Canterbury95
178588.71 2317654.38 714917.41 580310.78 560104.68 341294.24 0 3791471.28 3231366.60 Fairfield95
79250.00 1485195.00 249557.00 214621.00 396189.00 366261.00 0 2028623.00 1632434.00 Gosford95
21921.00 447537 150733.00 97325.00 171111.00 151755.00 66602.00 717516.00 546405.00 Hawkesbury95
386406.00 1251546.00 434762.00 841668.00 303211.00 229822.00 0 2914382.00 2611171.00 Hurstville95
66005.00 752111.00 234675.00 236023.00 178316.00 334935.00 0 1288914.00 1110498.00 Kogarah95
134845.00 1481018.00 415316.00 765661.00 328167.00 975334.00 0 2796839.00 2468672.00 Ku-ring-gai95
375951 2254458 501678 653895 513816 758589 0 3785982 3272166 Lake_Macquarie95
50560 955797 282368 192900 170225 704513 170000 1481625 1311400 Leichardt95
336216.72 768184.15 25166.66 441280.01 133009.25 712408.56 357967.59 1570847.54 1437838.29 Manly95
52735.22 663967.46 245719.99 251579.28 115591.26 185328.81 21966.90 1214001.95 1098410.69 Mosman95
297537.69 1966241.76 425003.54 735223.33 1045606.23 954688.37 0 3424006.32 2378400.09 Newcastle95
48214 1431166 376838 325388 307915 390369 20000 2181606 1873691 North_Sydney95
92283.05 865091.05 264126.80 93093.63 207449.66 125996.11 0 1314594.53 1107144.87 Pittwater95
24151 508640 182549 804170 292535 198976 68085 804170 511635 Queanbeyan95
77772.86 1111201.00 451710.67 260583.70 224630.32 312109.05 0 1901268.23 1676637.91 Rockdale95
607810 1512818 102551 587884 282259 451967 0 2811063 2528804 Ryde95
24159.24 591638.80 1081425.32 206718.71 140822.63 0 0 1903942.07 1763119.44 Shellharbour95
1778045 1756419 232105 169305 240259 387930 0 3935874 3695615 Sydney05
273432 1780079 267816 462609 547591 494288 0 2783936 2236345 Warringah95
146146 1642900 333327 426837 375583 316518 0 2549210 2173627 Waverley95
130488.31 1477033.71 383959.18 415484.07 219373.70 372784.42 0 2406965.27 2187591.57 Willoughby95
77542.29 2762317.75 1038227.30 513256.20 570374.15 527672.52 0 4391343.54 3820969.39 Wollongong95
35020 975335 180136 175016 313558 289164 172730 1365508 1051950 Woollahra95
76795 1188175 453490 218558 328792 1018278 150000 1937018 1608226 Wyong95
41307.21 627006.65 139599.31 302493.00 140924.00 167755.53 0 1350774.00 1209850 Ashfield96
99808.15 880323.64 201846.94 558976.79 307255.60 425352.05 0 1740955.52 1433699.92 Baulkham_Hills96
28963.00 938865.00 399898.00 274576.00 214361.00 292281.00 54131.00 1642302.00 1427941.00 Blue_Mountains96
172120.23 1917272.86 732030.64 726887.21 603018.28 705319.22 32096.56 3548310.93 2945292.65 Campbelltown96
17460.00 382202.00 115157.00 123017.00 140030.00 112201.00 0 637836.00 497806.00 Coffs_Harbour96
25162.40 280711.26 191589.87 182299.95 129868.21 177029.06 0 679763.48 549895.27 Great_Lakes96
142686.00 802559.00 341953.00 608043.00 239434.00 234952.00 18628.00 1895241.00 1655807.00 Holroyd96
119769.00 2984533.00 731212.00 897660.00 487643.00 1857566.00 1144371.00 4733174.00 4245531.00 Lake_Macquarie96
53328.00 1559697.00 384172.00 393706.00 319864.00 486908.00 0 2390903.00 2071039.00 North_Sydney96
24151 508640 182549 88830 292535 198976 68085 804170 511635 Queanbeyan96
42029.36 607915.47 1099441.47 206367.45 172452.10 160048.00 22100.00 1955753.75 1783301.65 Shellharbour96
20775.17 988724.18 294346.50 207396.02 239301.73 961705.73 719815.41 1511241.87 1271940.14 South_Sydney96
222977.00 390393.00 325852.00 82096.00 367214.00 414136.00 133977.00 1021318.00 654104.00 Wingecarribee96