-4.771036 -2.75452 -0.9898643 4.694408 -0.117409855
-4.629301 -2.7599463 -0.96056306 4.755206 -0.22663373
-4.4015937 -2.756014 -0.89409256 4.8368945 -0.41728052
-4.2301636 -2.7643635 -0.8205494 4.8947606 -0.5531534
-4.081279 -2.7590628 -0.7303425 4.9224243 -0.6657087
-3.8312852 -2.7479885 -0.5330835 4.9426494 -0.8242382
-3.6182158 -2.7164218 -0.3439183 4.9277916 -0.93182147
-3.469752 -2.6896691 -0.20152734 4.9147973 -0.97521746
-3.3956923 -2.6631615 -0.12903164 4.8950424 -0.9890654
-3.310489 -2.6294768 -0.038561393 4.8681183 -0.9965278
-3.1360385 -2.6319528 0.113910645 4.885834 -0.9811025
-2.8607066 -2.6485608 0.34386566 4.92998 -0.927723
-2.725667 -2.610328 0.45925212 4.8979597 -0.87440026
-2.4416373 -2.552676 0.66735685 4.8323417 -0.7212643
-2.2791996 -2.5288992 0.7714646 4.8011765 -0.6201577
-2.103941 -2.5505412 0.87491 4.820112 -0.47503948
-1.9901718 -2.5663173 0.921847 4.8410244 -0.37919736
-1.8804976 -2.5431526 0.95608425 4.827831 -0.27876374
-1.7671056 -2.5242333 0.98127186 4.8193083 -0.17079608
-1.6241548 -2.5401468 0.9960652 4.842549 -0.043976754
-1.5008152 -2.5307567 0.9936908 4.8464174 0.06346008
-1.3364697 -2.5372741 0.97333384 4.8834205 0.21038345
-1.2475624 -2.5204506 0.9475825 4.879631 0.29416537
-0.9990853 -2.50342 0.83742607 4.8634696 0.5155706
-0.7788764 -2.5325637 0.71988106 4.882669 0.6871054
-0.67070353 -2.588248 0.6493336 4.9443536 0.7538729
-0.5045414 -2.5663683 0.52776116 4.9293947 0.84499276
-0.4532295 -2.5447874 0.48814988 4.9139805 0.87107825
-0.3477095 -2.512925 0.39057633 4.898583 0.9155243
-0.22231914 -2.495108 0.27093664 4.9007053 0.9586194
-0.10420003 -2.4959924 0.15638201 4.9046545 0.98018974
0.046281658 -2.4818149 0.0050067627 4.8736334 0.99937075
0.20288205 -2.5276911 -0.14808825 4.9011126 1.0156571
0.3019182 -2.5498178 -0.23848239 4.9214144 1.0310566
0.37220773 -2.541762 -0.29665348 4.9258637 1.046798
0.42653075 -2.5197594 -0.34358573 4.917594 1.0615644
0.5387234 -2.4856708 -0.4350402 4.889885 1.111667
0.774333 -2.4826262 -0.6340643 4.9026985 1.2389264
0.9281477 -2.5191057 -0.7479123 4.937825 1.3503623
1.0724244 -2.5276957 -0.83384854 4.9448977 1.4715836
1.216591 -2.522268 -0.90572745 4.9368587 1.5991772
1.4517277 -2.568069 -0.97237855 4.952157 1.8371246
1.5899985 -2.6052759 -0.9964835 4.967185 1.9770708
1.6660327 -2.6030858 -0.99366856 4.9637628 2.0445378
1.8313898 -2.5860069 -0.9731267 4.953465 2.1926317
2.0053113 -2.5908332 -0.9248299 4.9616985 2.3613665
2.1063492 -2.5954876 -0.8837537 4.9592824 2.4596138
2.2302465 -2.583698 -0.8201583 4.930234 2.5504782
2.5387824 -2.5846233 -0.6449776 4.900422 2.7551923
2.6193776 -2.5957057 -0.5902673 4.904592 2.8047698
2.688662 -2.5763996 -0.53264904 4.8690386 2.8448243
2.7353199 -2.5776038 -0.49457142 4.8689237 2.8684118
2.823339 -2.6330433 -0.41796786 4.933395 2.9022548
2.9448864 -2.6603549 -0.3037401 4.9517217 2.943174
3.2104726 -2.6390305 -0.0761591 4.9462423 2.9676538
3.5565193 -2.578663 0.20345438 4.931671 2.9596853
3.7581835 -2.5609431 0.37360498 4.929519 2.9158463
3.926095 -2.5482228 0.51681656 4.919507 2.848687
4.0554266 -2.5721917 0.62199825 4.928555 2.7710807
4.2181673 -2.5863223 0.74015594 4.918181 2.6653652
4.2806263 -2.588813 0.77903855 4.919896 2.6191213
4.5428624 -2.535254 0.8963087 4.920457 2.4077265
4.6939225 -2.4940019 0.9570917 4.9083757 2.2805321
4.8111124 -2.513435 0.9799648 4.915408 2.1660519
4.9060454 -2.5212789 0.99579465 4.9109 2.0740774