-4.922918 -0.03585268 -0.9976486 2.488956 -0.052396085
-4.854671 0.10568247 -0.98911536 2.3547559 -0.10545474
-4.70837 0.18670961 -0.9608835 2.2755218 -0.23798114
-4.587208 0.23130278 -0.9264428 2.241143 -0.35469273
-4.478968 0.12389282 -0.8805588 2.3185577 -0.46057823
-4.352028 0.034456894 -0.81371474 2.3951373 -0.5749452
-4.2996283 0.010818484 -0.7834512 2.4294622 -0.617501
-4.246396 0.04555321 -0.75143385 2.404566 -0.6576601
-4.199647 0.03313119 -0.7229436 2.4193578 -0.6860692
-4.0708017 0.02662948 -0.6302094 2.4306223 -0.7631729
-3.8536706 0.031897657 -0.44540387 2.4198942 -0.8898302
-3.7960415 0.017847283 -0.39482394 2.4333055 -0.9164663
-3.7339408 -0.047636267 -0.35619307 2.502997 -0.9315082
-3.6184773 -0.09070102 -0.2741507 2.5673008 -0.957759
-3.5054185 -0.10816246 -0.17905869 2.60627 -0.97900426
-3.466661 -0.12161375 -0.14273481 2.6268137 -0.98454154
-3.3266659 -0.21628948 -0.014047533 2.6992435 -0.9653091
-2.5810082 -0.37933862 0.6196058 2.8456123 -0.7435093
-2.444718 -0.38974032 0.7215786 2.8531055 -0.67954046
-2.2771316 -0.38649762 0.80886394 2.8591285 -0.54871154
-1.8896972 -0.36366507 0.95708996 2.8419154 -0.21524003
-1.6558563 -0.52314794 0.9835214 2.975282 1.5021511E-4
-1.4697617 -0.5227771 0.9789273 2.9549356 0.1724612
-1.3658526 -0.49007756 0.9566499 2.9203753 0.27450866
-1.2995493 -0.4780769 0.93667316 2.9089003 0.33860147
-1.111836 -0.42827985 0.8423183 2.8657079 0.49907568
-0.8285733 -0.3767243 0.67595243 2.828648 0.71806896
-0.7087795 -0.37586737 0.59403765 2.8394735 0.7984589
-0.63180375 -0.38096187 0.53189903 2.8600545 0.83804226
-0.4430781 -0.36758414 0.37056613 2.888289 0.9095067
-0.11530215 -0.27026257 0.09253451 2.8327863 0.9819398
0.14791551 -0.14056966 -0.11895781 2.6803932 1.0147768
0.28551468 -0.0716858 -0.22417879 2.5892289 1.0321417
0.416278 -0.08657629 -0.34538794 2.6039996 1.076962
0.6021621 -0.11618742 -0.50483274 2.6428592 1.1494906
0.7465392 -0.021139553 -0.61647666 2.5444968 1.2389963
0.9811088 0.049982864 -0.771242 2.4825792 1.3973122
1.2040716 0.066493735 -0.85575527 2.485063 1.583453
1.7328134 0.12045701 -0.977716 2.4669242 2.057678
1.8958335 0.21338578 -0.9723631 2.380818 2.217904
1.9816 0.3131099 -0.94929 2.282546 2.3077633
2.0345669 0.31062868 -0.9312063 2.2968688 2.3561864
2.163169 0.3373674 -0.87393 2.2835867 2.470584
2.3283758 0.3382614 -0.7830235 2.2908225 2.6003962
2.6003582 0.2796329 -0.6049791 2.3375442 2.785808
2.66596 0.26450947 -0.56058097 2.3465624 2.8266468
2.7588756 0.362301 -0.47890514 2.253255 2.863796
3.158137 0.6252727 -0.111150764 2.0126357 2.9752603
3.3202386 0.6787839 0.038263306 1.9554119 2.988642
3.5081644 0.72565013 0.2167243 1.901214 2.9687
3.614864 0.75123495 0.30633053 1.8450317 2.9505117
3.6730793 0.75974935 0.3528151 1.8195192 2.9333792
3.803677 0.73859465 0.4661687 1.8407906 2.8784666
3.9306843 0.6927719 0.5750583 1.9176896 2.8078883
4.197778 0.6127915 0.7541727 2.033502 2.6321394
4.457974 0.52762395 0.885189 2.1675866 2.442175
4.599411 0.49749845 0.9396992 2.2363641 2.3299305
4.684587 0.49576303 0.96058005 2.265558 2.27101
4.7425427 0.51454854 0.97187006 2.2397344 2.2152367
4.9275746 0.41431415 0.9867083 2.4312916 2.1113951
4.9639835 0.34091052 0.9890506 2.5205595 2.109001