3 2000
0.232853 0.784174 0.972512 0
-0.463182 2.081766 -0.886263 1
0.960525 0.470174 -0.278195 2
0.658890 2.249732 -0.752239 3
0.490132 4.345762 0.871648 4
0.900576 1.958086 0.434699 5
0.548239 1.263918 -0.836322 6
-0.996201 1.771910 -0.087086 7
0.745709 3.714890 0.666271 8
0.501056 3.254160 -0.865415 9
0.970996 4.698965 -0.239097 10
0.830761 4.163996 0.556629 11
0.360168 2.349889 0.932888 12
0.943709 3.149328 0.330777 13
-0.674407 0.290939 -0.738360 14
0.334476 2.710937 -0.942404 15
0.299427 2.278630 0.954119 16
0.381648 4.315434 0.924308 17
0.354666 4.275985 -0.934993 18
0.480447 2.361278 0.877024 19
-0.963019 3.934622 -0.269435 20
0.091926 3.279911 -0.995766 21
0.771014 0.000199 0.636818 22
-0.998920 0.656186 -0.046454 23
-0.793348 2.474374 -0.608769 24
-0.577194 0.191666 -0.816607 25
-0.592648 1.137179 -0.805462 26
0.956427 1.639415 -0.291972 27
-0.284170 4.497344 -0.958774 28
-0.592297 1.568652 -0.805720 29
-0.997411 1.258380 -0.071915 30
0.929570 2.164946 0.368646 31
0.502658 4.211911 -0.864485 32
0.315816 0.922445 0.948821 33
0.585219 2.540896 -0.810875 34
0.391299 2.261198 -0.920264 35
0.662884 1.627922 0.748722 36
0.785762 1.900382 -0.618529 37
-0.577647 4.432400 -0.816287 38
0.999668 3.806304 0.025778 39
0.690984 4.418832 0.722870 40
-0.995720 2.287031 -0.092417 41
0.997631 3.996011 0.068796 42
0.215756 0.670386 -0.976447 43
0.712211 0.326568 0.701966 44
0.716417 1.875723 -0.697672 45
0.979725 1.867615 0.200347 46
0.435246 2.420112 -0.900312 47
-0.134908 4.847296 -0.990858 48
-0.626515 1.710305 -0.779409 49
-0.612543 1.263446 -0.790437 50
0.997314 2.924435 0.073243 51
-0.143555 2.618518 -0.989642 52
0.831488 0.817095 -0.555542 53
-0.757728 2.431991 -0.652571 54
0.989189 2.480304 0.146646 55
0.210654 4.215970 -0.977561 56
0.612864 4.030991 0.790189 57
0.636255 4.288928 0.771479 58
0.941247 3.048771 -0.337720 59
0.695526 2.828652 -0.718501 60
0.454959 3.059493 0.890512 61
0.745012 0.514883 0.667051 62
0.994749 0.791580 -0.102345 63
0.756389 2.068249 0.654122 64
0.999540 2.802052 -0.030339 65
0.040691 1.343386 -0.999172 66
-0.204052 3.921271 -0.978960 67
0.037032 1.939354 -0.999314 68
0.811077 0.154918 -0.584939 69
0.959704 2.927509 0.281011 70
-0.113059 2.792793 -0.993588 71
0.689696 1.003478 0.724099 72
0.893994 0.437109 -0.448078 73
0.173849 4.666149 -0.984772 74
0.985586 1.296900 0.169174 75
0.844087 1.020857 -0.536207 76
0.501777 0.246042 -0.864997 77
0.991369 3.030805 0.131100 78
0.977245 2.731744 -0.212114 79
0.823120 0.479187 0.567868 80
0.201971 3.184978 0.979391 81
0.778237 2.214742 -0.627971 82
0.535261 0.331910 0.844687 83
-0.685842 1.871463 -0.727751 84
0.095296 1.245514 0.995449 85
-0.287515 4.624376 -0.957776 86
-0.372519 3.147496 -0.928024 87
0.552660 4.391544 0.833407 88
0.945105 3.208372 0.326766 89
-0.800103 3.991953 -0.599863 90
-0.998466 2.175130 -0.055374 91
0.479420 4.905701 0.877585 92
-0.591066 0.479789 -0.806623 93
-0.162375 2.637412 -0.986729 94
0.999697 2.728229 -0.024615 95
-0.228515 1.421714 -0.973540 96
0.597493 1.854013 -0.801874 97
-0.953765 0.323463 -0.300554 98
0.054943 2.724045 0.998490 99
0.922900 4.181878 -0.385040 100
0.412214 0.726610 -0.911087 101
0.756860 0.857601 -0.653577 102
0.002913 0.340236 -0.999996 103
0.452198 4.120058 -0.891918 104
-0.484711 0.669854 -0.874674 105
0.917393 4.423931 -0.397983 106
0.904093 2.573687 0.427335 107
0.799184 4.818178 -0.601087 108
0.992423 0.602473 -0.122871 109
-0.552683 0.241449 -0.833392 110
0.217308 1.900760 -0.976103 111
0.852652 2.063956 0.522480 112
0.997769 2.006956 0.066768 113
0.566344 2.104986 -0.824169 114
0.893479 1.884768 -0.449105 115
0.824750 4.536683 0.565498 116
-0.961361 3.350811 -0.275290 117
0.955147 4.809193 -0.296131 118
-0.972073 0.814897 -0.234677 119
0.377052 3.743247 -0.926192 120
-0.133128 1.870329 -0.991099 121
0.558047 2.271183 0.829809 122
-0.997500 0.192803 -0.070672 123
0.888244 2.812160 0.459372 124
0.136958 1.861561 0.990577 125
0.046718 3.963919 0.998908 126
0.838740 3.976155 0.544532 127
0.476205 1.914572 -0.879335 128
0.701457 1.263949 -0.712711 129
-0.533318 1.714639 -0.845915 130
0.994043 4.839022 -0.108990 131
-0.062623 2.399042 -0.998037 132
0.186925 1.841638 0.982374 133
0.960340 3.822836 0.278833 134
0.362070 1.885745 -0.932151 135
0.933375 4.501531 0.358902 136
-0.303272 0.917160 -0.952904 137
0.481441 1.841587 -0.876478 138
0.308807 4.587285 0.951125 139
0.996918 2.579580 0.078454 140
-0.538901 0.451536 -0.842369 141
0.687159 3.676557 0.726507 142
0.984108 0.023561 -0.177568 143
-0.807798 3.015616 -0.589459 144
-0.560266 4.784333 -0.828313 145
0.960990 1.987160 -0.276582 146
0.985018 3.657754 -0.172450 147
0.174142 3.423194 -0.984721 148
0.908435 4.892515 -0.418027 149
0.528212 1.018926 -0.849113 150
-0.978682 2.966514 -0.205380 151
-0.991806 4.757813 -0.127757 152
-0.097149 1.301362 -0.995270 153
-0.998164 2.573388 -0.060576 154
0.236349 3.181659 -0.971668 155
0.996997 2.004796 0.077438 156
-0.905810 2.433057 -0.423685 157
-0.986166 3.752291 -0.165759 158
0.967475 0.630984 -0.252968 159
0.962720 0.215312 -0.270501 160
-0.997244 1.854697 -0.074198 161
-0.997032 3.466511 -0.076995 162
-0.624968 4.679125 -0.780650 163
0.930213 2.387878 -0.367021 164
-0.963411 0.645500 -0.268027 165
0.160628 2.419156 -0.987015 166
0.986262 4.727986 -0.165189 167
0.971295 1.838721 0.237877 168
0.992502 1.642428 0.122229 169
-0.922529 3.864377 -0.385928 170
0.539886 1.486370 -0.841738 171
0.489286 0.889272 -0.872124 172
0.093719 3.453996 -0.995599 173
-0.749260 1.319724 -0.662276 174
0.999105 2.288695 0.042295 175
0.988261 4.218462 0.152772 176
0.959179 4.407493 0.282801 177
0.631539 3.500100 -0.775344 178
0.864339 3.778455 -0.502909 179
-0.841674 4.872574 -0.539987 180
0.525525 2.010763 -0.850778 181
0.973225 0.656393 0.229853 182
0.483783 3.623669 0.875188 183
-0.280036 4.497591 -0.959990 184
-0.361825 0.853507 -0.932246 185
0.591831 0.215143 0.806062 186
-0.458113 2.395796 -0.888894 187
0.795311 0.469681 0.606202 188
0.418385 3.250249 0.908270 189
-0.460022 4.761388 -0.887907 190
-0.428708 2.288563 -0.903443 191
-0.972639 2.684403 -0.232320 192
-0.932553 0.332436 -0.361034 193
0.992589 2.469350 -0.121520 194
-0.621977 2.087705 -0.783036 195
0.671142 1.461285 0.741329 196
-0.682597 1.448320 -0.730795 197
-0.693225 3.769230 -0.720721 198
0.026879 0.483979 0.999639 199
0.480890 0.384585 -0.876781 200
0.031637 3.604575 -0.999499 201
-0.089960 3.824558 -0.995945 202
0.149038 3.289725 -0.988832 203
0.278567 4.052043 -0.960417 204
0.937960 1.871215 -0.346742 205
-0.844967 1.531157 -0.534818 206
-0.983901 1.853498 -0.178712 207
0.556607 3.533736 -0.830776 208
0.575517 0.841831 0.817790 209
0.304966 4.068605 0.952363 210
-0.318938 2.331142 -0.947776 211
-0.727999 3.611428 -0.685578 212
0.563945 4.974345 0.825812 213
-0.434796 1.812515 -0.900529 214
0.995184 3.654141 -0.098027 215
0.155407 3.248337 0.987851 216
0.999967 3.406695 -0.008178 217
0.573535 0.038060 0.819181 218
-0.998906 3.270747 -0.046764 219
-0.798712 4.726176 -0.601713 220
0.753975 3.066355 0.656903 221
0.440642 3.914640 -0.897683 222
0.494141 0.015767 0.869382 223
0.948737 3.984789 0.316067 224
0.995266 3.209083 0.097190 225
0.060182 0.892393 -0.998187 226
-0.709209 2.647004 -0.704998 227
-0.742965 1.093718 -0.669330 228
-0.621129 2.740262 -0.783709 229
0.407724 0.291187 -0.913105 230
0.627780 2.937935 0.778390 231
0.673883 2.080518 -0.738838 232
0.762641 0.932226 0.646822 233
0.565080 0.319554 -0.825036 234
0.551729 0.373914 -0.834024 235
0.525264 1.550187 -0.850939 236
0.363237 4.720425 -0.931697 237
0.447218 4.903633 0.894425 238
-0.999654 2.775577 -0.026311 239
-0.168497 4.942628 -0.985702 240
-0.973284 3.457800 -0.229606 241
0.992205 1.208304 0.124618 242
0.996957 4.049068 -0.077959 243
0.080082 4.672558 0.996788 244
0.859154 0.644017 -0.511716 245
0.309346 3.434134 -0.950949 246
-0.592394 1.486225 -0.805648 247
0.980970 3.236104 -0.194161 248
0.951014 2.318794 0.309149 249
0.199181 4.613948 -0.979963 250
-0.998917 1.208610 -0.046525 251
0.396533 3.300783 -0.918021 252
0.917124 1.661435 0.398602 253
0.825652 2.383765 0.564180 254
0.368312 2.343866 0.929702 255
0.668160 3.529645 0.744018 256
0.161488 1.199747 -0.986875 257
0.976734 3.586013 -0.214456 258
0.954006 4.325984 0.299788 259
-0.610820 2.054948 -0.791769 260
0.433670 2.123936 0.901072 261
0.896375 4.771432 -0.443297 262
0.986524 4.407093 -0.163614 263
-0.449452 3.492938 -0.893305 264
0.849627 1.527006 -0.527383 265
0.316849 4.146630 0.948476 266
0.008784 4.853023 -0.999961 267
0.998623 1.500514 -0.052451 268
0.272518 4.990311 -0.962151 269
0.982855 2.203742 -0.184380 270
0.988357 0.031135 0.152152 271
0.296369 1.459506 -0.955073 272
0.369419 3.459392 -0.929263 273
0.998544 2.464246 -0.053948 274
0.692798 0.417388 0.721131 275
0.179389 0.978936 -0.983778 276
0.419743 4.887974 -0.907643 277
0.942985 1.830994 -0.332834 278
0.889012 0.697162 -0.457883 279
0.972506 0.073778 0.232876 280
0.743776 3.203206 -0.668429 281
0.869251 3.688610 0.494372 282
0.670728 0.133787 -0.741703 283
-0.640187 0.510763 -0.768219 284
0.987216 4.466651 0.159391 285
0.081393 3.819382 0.996682 286
0.790239 2.913323 0.612799 287
0.984919 3.427151 0.173017 288
0.655271 4.835668 -0.755394 289
-0.857657 2.751722 -0.514222 290
0.999964 3.885984 -0.008535 291
0.150415 3.051752 -0.988623 292
-0.790027 4.942967 -0.613073 293
0.891233 0.241311 -0.453545 294
0.740661 4.926945 0.671879 295
0.999411 1.023681 0.034309 296
0.002605 4.562386 0.999997 297
0.179801 3.327730 0.983703 298
-0.961776 2.311607 -0.273838 299
0.126788 0.241666 -0.991930 300
0.848957 2.302196 -0.528461 301
-0.330880 3.999753 -0.943673 302
0.947116 1.447166 -0.320892 303
-0.973159 3.475512 -0.230136 304
0.900209 1.296395 -0.435459 305
0.987048 3.566149 0.160423 306
0.176778 3.601848 0.984251 307
0.922942 3.666383 0.384939 308
0.940892 3.111654 0.338707 309
0.447850 4.948897 -0.894109 310
0.988366 0.761889 -0.152092 311
0.800552 1.016613 0.599263 312
-0.922889 4.096583 -0.385067 313
0.254181 0.292177 0.967157 314
0.385834 2.692534 0.922568 315
0.953909 0.950767 -0.300096 316
-0.367129 2.997404 -0.930170 317
0.561625 1.461290 0.827392 318
0.750321 0.456439 -0.661074 319
0.952046 2.533836 0.305956 320
0.406755 4.420662 -0.913537 321
0.181036 3.077840 0.983476 322
-0.942898 0.231961 -0.333083 323
0.860921 4.759621 -0.508739 324
-0.193624 0.845152 -0.981076 325
0.620462 4.133355 0.784237 326
0.011412 3.056884 -0.999935 327
0.997966 4.236497 0.063749 328
-0.968453 0.570616 -0.249197 329
0.109682 3.246099 -0.993967 330
0.701435 0.574075 -0.712734 331
0.458633 2.367061 -0.888626 332
0.881829 3.415905 -0.471570 333
0.972320 0.666493 -0.233654 334
-0.860726 2.320391 -0.509068 335
0.461316 0.356250 0.887236 336
0.915460 2.906092 0.402409 337
0.832890 2.829894 0.553439 338
0.765629 1.276311 0.643283 339
0.999876 1.192471 0.015726 340
-0.584439 0.079769 -0.811438 341
-0.280100 1.923724 -0.959971 342
0.981904 3.786501 -0.189381 343
0.818651 2.875800 -0.574292 344
-0.960943 2.040427 -0.276746 345
-0.913406 0.978541 -0.407050 346
-0.288143 2.560872 -0.957587 347
0.349382 3.566728 -0.936980 348
0.615540 4.336928 -0.788105 349
0.415850 3.709027 0.909433 350
0.945443 4.974163 -0.325787 351
-0.020630 4.333741 -0.999787 352
0.630845 2.429064 -0.775909 353
0.946852 4.516527 -0.321669 354
-0.724278 0.101572 -0.689508 355
0.719848 3.183937 0.694131 356
0.205298 4.720279 0.978699 357
0.944365 0.203901 -0.328900 358
-0.990838 1.428358 -0.135059 359
0.774152 3.386269 0.633000 360
0.964699 2.930892 -0.263357 361
0.986564 0.324848 0.163378 362
-0.907096 4.396059 -0.420925 363
0.418185 2.439547 -0.908362 364
0.197755 4.457378 -0.980252 365
-0.708813 3.811474 -0.705397 366
0.707713 3.276524 0.706500 367
0.689206 4.857408 0.724566 368
0.528969 0.855696 -0.848641 369
0.203089 0.679826 0.979160 370
-0.769050 3.776053 -0.639189 371
0.575264 1.566085 0.817968 372
0.885005 2.316262 0.465581 373
0.498845 1.697171 -0.866691 374
0.976550 0.048109 -0.215290 375
0.225697 1.669007 0.974197 376
0.992120 1.234116 -0.125288 377
-0.394287 4.970304 -0.918987 378
0.091146 4.527835 -0.995838 379
-0.633079 1.748842 -0.774087 380
0.675255 1.390577 -0.737584 381
0.350274 0.464618 -0.936647 382
0.575746 1.202651 -0.817628 383
0.965721 4.508233 -0.259582 384
-0.944287 1.621230 -0.329122 385
-0.089665 2.863517 -0.995972 386
0.962520 0.925325 -0.271212 387
-0.678731 3.689551 -0.734387 388
0.976961 0.558782 -0.213416 389
-0.400202 1.918758 -0.916427 390
0.930971 4.311823 -0.365093 391
0.726987 4.285415 -0.686651 392
0.580565 4.096818 -0.814214 393
0.830820 1.228475 -0.556541 394
0.268446 4.487942 0.963295 395
0.039695 3.020618 -0.999212 396
0.317092 0.698657 -0.948395 397
-0.120557 0.806507 -0.992706 398
0.360377 4.415764 -0.932807 399
-0.221487 4.892926 -0.975163 400
0.282583 3.006588 -0.959243 401
0.717080 1.809030 -0.696991 402
0.966221 1.157019 0.257716 403
-0.127475 2.248652 -0.991842 404
-0.863535 3.215507 -0.504290 405
0.495281 1.226088 -0.868733 406
0.588151 2.340068 -0.808751 407
-0.997612 2.487159 -0.069070 408
0.999924 0.374825 -0.012322 409
0.963646 3.832974 0.267182 410
-0.241226 0.226836 -0.970469 411
-0.330662 0.825563 -0.943749 412
0.980658 3.885993 0.195728 413
0.851343 1.041743 0.524609 414
0.065184 1.258881 0.997873 415
0.612942 1.982619 -0.790128 416
0.442115 2.403439 0.896958 417
0.526746 2.546454 -0.850023 418
0.796324 3.123983 0.604871 419
0.721840 3.127737 0.692060 420
-0.708427 4.955834 -0.705784 421
0.281582 1.796110 -0.959537 422
0.772784 1.379956 -0.634670 423
0.970744 3.390584 0.240117 424
0.896341 2.543813 -0.443366 425
0.565221 1.384299 -0.824939 426
0.503516 2.894204 -0.863986 427
-0.915725 4.114177 -0.401805 428
0.496072 4.707272 -0.868281 429
0.154727 2.221587 -0.987957 430
-0.144630 2.116146 -0.989486 431
0.642813 4.980989 0.766023 432
0.905869 3.070591 0.423558 433
0.234548 4.720330 0.972104 434
0.871585 4.560409 -0.490244 435
-0.997752 4.074884 -0.067021 436
0.945336 3.448185 -0.326099 437
0.761815 1.543270 0.647795 438
0.107740 2.790983 0.994179 439
-0.501281 3.183788 -0.865284 440
0.984824 3.845406 0.173555 441
0.776667 0.270155 -0.629911 442
0.310972 0.574157 0.950419 443
0.975895 4.229953 0.218240 444
-0.476077 0.861917 -0.879404 445
0.521060 0.184915 -0.853520 446
-0.688432 1.562772 -0.725301 447
0.146404 4.086403 0.989225 448
0.105281 1.173183 -0.994443 449
-0.973409 2.937207 -0.229075 450
0.913961 4.620922 0.405802 451
0.475633 1.650246 0.879644 452
-0.220520 1.027705 -0.975382 453
-0.377451 1.822436 -0.926030 454
0.311692 4.878574 0.950183 455
-0.815479 3.584471 -0.578787 456
0.275280 3.216548 0.961364 457
0.986285 3.912836 0.165054 458
0.657735 2.332409 0.753249 459
-0.551888 1.161386 -0.833918 460
0.542804 1.589395 -0.839859 461
-0.927902 3.943959 -0.372824 462
0.645417 3.172214 0.763830 463
0.880917 3.298914 -0.473271 464
-0.066100 2.687917 -0.997813 465
0.194625 4.596083 -0.980878 466
0.583473 3.902530 0.812133 467
0.182022 1.633547 -0.983294 468
-0.940310 3.693739 -0.340319 469
-0.588403 2.188669 -0.808568 470
-0.972925 2.958983 -0.231123 471
0.891099 0.572546 -0.453809 472
-0.839433 1.595828 -0.543463 473
0.776818 3.109267 -0.629725 474
-0.851670 4.472768 -0.524079 475
0.883945 4.817930 0.467590 476
0.195348 0.100317 -0.980734 477
0.739460 0.553259 0.673200 478
-0.975948 2.015100 -0.218003 479
0.947972 0.485975 -0.318354 480
0.237337 1.465245 0.971427 481
-0.208332 3.393538 -0.978058 482
0.500230 4.898958 0.865893 483
-0.887590 1.997168 -0.460635 484
-0.953006 4.104421 -0.302951 485
-0.449928 0.658097 -0.893065 486
0.310070 4.224456 0.950714 487
-0.956077 1.163633 -0.293115 488
-0.319972 0.335773 -0.947427 489
0.002207 1.657261 0.999998 490
-0.541169 2.876173 -0.840914 491
0.701788 0.684096 -0.712386 492
-0.200534 4.338988 -0.979687 493
0.999589 1.646331 0.028684 494
0.196672 2.440009 0.980469 495
0.891253 2.157684 0.453507 496
0.999997 1.302708 -0.002558 497
-0.815581 4.915014 -0.578642 498
-0.900611 4.828490 -0.434626 499
-0.997548 4.742587 -0.069989 500
-0.211117 2.258612 -0.977461 501
0.760208 1.658465 0.649679 502
0.068354 0.038797 0.997661 503
-0.996655 0.829200 -0.081729 504
0.752000 4.140835 0.659163 505
0.977073 3.217004 -0.212903 506
0.876810 1.611376 -0.480836 507
-0.408513 0.131848 -0.912752 508
0.743821 1.777215 0.668379 509
-0.324459 3.719423 -0.945900 510
0.917190 1.493319 0.398450 511
0.999453 0.906116 -0.033084 512
-0.532921 2.075959 -0.846165 513
0.954092 4.336700 -0.299514 514
0.957988 3.124699 -0.286808 515
0.999430 0.276011 -0.033758 516
-0.649339 2.020464 -0.760499 517
0.989944 1.509801 -0.141460 518
-0.694866 0.761599 -0.719139 519
0.826023 1.545841 -0.563637 520
0.979281 0.016291 -0.202506 521
0.995900 2.187044 0.090464 522
0.998734 3.382057 0.050304 523
0.548379 4.114565 0.836230 524
-0.998156 3.779227 -0.060708 525
-0.107850 0.813194 -0.994167 526
0.862943 2.760215 0.505302 527
-0.122390 2.625469 -0.992482 528
0.338686 4.596776 0.940899 529
0.998387 2.209535 0.056769 530
-0.939293 0.224012 -0.343116 531
-0.945059 4.822917 -0.326899 532
-0.998420 0.067312 -0.056191 533
-0.479741 2.760118 -0.877410 534
0.759135 4.671498 -0.650933 535
0.555064 4.493044 -0.831807 536
0.985214 3.089949 0.171326 537
0.922340 3.499623 -0.386379 538
0.737108 4.695475 -0.675775 539
-0.939345 2.260421 -0.342974 540
-0.613268 0.883359 -0.789875 541
0.216322 3.083826 -0.976322 542
-0.264927 2.591901 -0.964268 543
0.881813 1.822465 0.471598 544
-0.091309 3.866549 -0.995823 545
0.991012 4.141385 -0.133776 546
0.063260 1.591951 0.997997 547
0.716624 2.979898 -0.697459 548
0.243955 3.909090 0.969787 549
0.724569 0.167962 0.689202 550
0.378803 4.284887 0.925477 551
-0.861350 3.413055 -0.508013 552
0.774128 4.009253 0.633030 553
0.418963 4.588485 0.908004 554
-0.740552 1.940549 -0.671999 555
-0.838936 2.359905 -0.544230 556
0.899406 0.440292 0.437115 557
0.966439 4.625527 0.256898 558
0.997494 3.392399 -0.070753 559
0.916460 3.205162 0.400127 560
0.999864 4.979539 -0.016515 561
0.521855 2.497712 0.853034 562
-0.284308 2.150258 -0.958733 563
0.394693 4.145843 -0.918813 564
-0.537178 0.583480 -0.843469 565
-0.985961 2.993422 -0.166975 566
-0.927744 1.106123 -0.373218 567
0.647415 1.993384 0.762138 568
0.032369 1.505762 -0.999476 569
0.585833 3.167720 -0.810432 570
0.395288 4.724917 0.918557 571
-0.473847 0.029354 -0.880607 572
0.605264 4.082994 0.796024 573
0.998879 3.454426 -0.047333 574
0.490609 4.904924 0.871380 575
0.666516 0.348698 -0.745491 576
0.034650 0.224774 0.999400 577
0.187347 3.699769 -0.982294 578
0.803568 4.095608 -0.595214 579
-0.656646 1.304203 -0.754199 580
0.713556 3.520064 -0.700598 581
0.406619 1.482378 -0.913598 582
0.999568 0.411455 -0.029398 583
0.999458 4.376918 0.032916 584
0.199725 0.387258 0.979852 585
-0.618357 3.704922 -0.785897 586
-0.865777 0.625351 -0.500430 587
0.887530 2.218565 -0.460749 588
0.144790 2.962416 0.989462 589
-0.993747 3.181740 -0.111657 590
0.574173 2.663674 0.818734 591
-0.991990 1.043583 -0.126315 592
0.769096 3.368640 -0.639134 593
-0.616779 1.209542 -0.787136 594
0.973435 3.602647 0.228963 595
-0.379752 1.999820 -0.925088 596
0.306634 1.970180 0.951827 597
-0.798203 2.057511 -0.602388 598
0.775364 0.748719 -0.631515 599
0.474020 4.391164 0.880514 600
0.268171 0.108779 0.963371 601
0.008247 4.619163 -0.999966 602
0.470831 3.163087 -0.882224 603
0.604767 0.334579 -0.796402 604
-0.762513 3.163363 -0.646973 605
-0.801949 3.768720 -0.597393 606
0.806698 3.848314 -0.590964 607
0.961439 4.040180 0.275018 608
0.303199 2.716669 -0.952927 609
0.117936 2.425420 -0.993021 610
-0.224518 2.206096 -0.974470 611
0.580255 3.132493 0.814435 612
0.982062 0.388916 -0.188557 613
-0.420774 2.720314 -0.907165 614
0.103104 1.045485 0.994671 615
0.992408 1.349993 -0.122992 616
-0.468560 1.458407 -0.883432 617
0.997612 4.111103 0.069069 618
0.999992 2.057491 -0.003974 619
-0.805165 2.634778 -0.593052 620
-0.994388 4.601040 -0.105799 621
-0.328968 1.895678 -0.944341 622
-0.853013 3.194494 -0.521890 623
-0.947121 0.868694 -0.320876 624
0.638886 3.929001 0.769302 625
-0.660142 1.828155 -0.751141 626
-0.988354 3.884710 -0.152175 627
0.950189 1.710732 0.311673 628
0.817743 3.870880 -0.575583 629
-0.266767 0.739161 -0.963761 630
0.164767 0.741211 -0.986333 631
-0.998157 3.195258 -0.060688 632
0.498705 0.466865 0.866772 633
0.590246 4.643942 0.807224 634
-0.364118 2.425679 -0.931353 635
0.896948 0.816226 -0.442136 636
-0.731336 1.381710 -0.682018 637
0.942516 0.654869 -0.334162 638
-0.010524 0.116100 -0.999945 639
0.999280 1.156487 -0.037945 640
0.599286 4.226293 0.800535 641
0.893044 3.631781 -0.449969 642
0.091850 3.473439 0.995773 643
0.831038 1.915531 0.556216 644
-0.752412 2.399213 -0.658693 645
0.708126 4.835395 0.706086 646
-0.618366 3.917680 -0.785890 647
0.991505 2.048680 -0.130070 648
0.999940 4.786826 0.010996 649
0.879119 0.984896 0.476602 650
0.217305 2.646724 -0.976104 651
0.488287 2.520964 -0.872683 652
0.648468 2.417034 -0.761242 653
0.962163 1.888068 -0.272473 654
-0.675348 2.598598 -0.737499 655
-0.999954 4.078844 -0.009545 656
0.835227 1.043144 0.549905 657
0.750968 1.943975 -0.660339 658
-0.536240 0.230713 -0.844065 659
-0.883509 1.524023 -0.468415 660
-0.737503 4.069197 -0.675344 661
0.342496 3.410470 -0.939519 662
0.343568 4.412186 -0.939128 663
-0.969330 0.408995 -0.245765 664
0.270767 2.474128 0.962645 665
-0.760493 2.151654 -0.649347 666
0.238211 1.727288 -0.971213 667
-0.104775 4.568298 -0.994496 668
-0.700856 0.800858 -0.713303 669
0.468007 1.939346 0.883725 670
-0.049972 4.836083 -0.998751 671
0.950086 0.333623 0.311987 672
0.357457 1.583638 -0.933929 673
0.308093 0.633618 -0.951356 674
0.725266 0.579001 -0.688469 675
-0.698258 0.821788 -0.715846 676
0.784574 0.469739 -0.620035 677
0.992809 2.660662 -0.119709 678
-0.997088 3.812022 -0.076255 679
0.695287 2.087478 0.718732 680
0.799320 4.177648 0.600906 681
0.989267 4.023645 0.146116 682
0.569419 0.045856 -0.822048 683
-0.925174 3.223567 -0.379543 684
0.747872 0.561764 0.663843 685
-0.614073 1.078510 -0.789249 686
0.503710 4.546436 -0.863873 687
-0.998136 0.723392 -0.061024 688
-0.115626 1.037389 -0.993293 689
0.554194 4.253204 0.832387 690
0.700660 3.565545 0.713496 691
-0.001123 0.402124 -0.999999 692
0.533017 4.093495 0.846104 693
0.636286 1.744794 -0.771453 694
0.878154 0.812737 -0.478377 695
0.971530 2.698755 -0.236917 696
0.999748 4.616635 -0.022465 697
0.972333 2.185618 -0.233599 698
0.996213 2.700627 0.086944 699
0.740116 3.491767 -0.672479 700
0.975267 0.010272 0.221028 701
0.755924 4.183016 -0.654660 702
0.959234 4.447119 -0.282613 703
0.156267 0.098755 0.987715 704
0.743475 0.492100 0.668763 705
-0.073366 1.870778 -0.997305 706
0.931552 4.837395 -0.363607 707
-0.817603 3.097927 -0.575783 708
-0.363647 3.350192 -0.931537 709
0.800540 2.280846 0.599280 710
0.999985 4.190177 0.005557 711
-0.997939 4.115490 -0.064169 712
0.879868 2.710561 -0.475218 713
0.540702 0.461956 -0.841214 714
0.433088 1.476382 0.901352 715
-0.238823 3.011188 -0.971063 716
-0.953405 0.914193 -0.301692 717
0.624968 3.665851 -0.780651 718
0.076680 2.744460 0.997056 719
0.357808 0.780802 0.933795 720
0.879008 4.625351 -0.476806 721
0.997717 1.010776 -0.067534 722
0.877787 0.042243 0.479052 723
-0.877419 3.445557 -0.479725 724
-0.999987 2.004838 -0.005058 725
0.831724 1.897915 -0.555190 726
-0.999478 4.515930 -0.032311 727
0.527863 4.716752 -0.849330 728
-0.604199 2.369898 -0.796833 729
0.843123 0.088802 0.537721 730
0.974417 4.099773 -0.224749 731
-0.997326 0.286942 -0.073076 732
0.491959 0.450640 0.870618 733
0.901381 3.483273 0.433028 734
0.424208 0.735746 0.905565 735
0.907678 0.287894 0.419666 736
0.221499 0.316789 -0.975161 737
-0.010473 3.614148 -0.999945 738
0.720565 0.168541 -0.693387 739
0.886474 3.478588 -0.462777 740
0.889868 1.105882 0.456217 741
0.861059 3.126930 0.508505 742
0.652183 2.566464 -0.758061 743
0.802843 2.878541 0.596191 744
0.604228 1.436220 -0.796812 745
-0.577218 4.463424 -0.816590 746
0.917032 0.462964 -0.398813 747
1.000000 1.462423 -0.000784 748
0.998868 4.109493 0.047571 749
0.267608 4.970095 0.963528 750
0.883438 0.339080 0.468548 751
0.944954 4.865427 0.327204 752
0.589326 4.613938 0.807895 753
0.042642 4.793656 0.999090 754
0.720072 2.815818 -0.693899 755
0.984359 4.752627 -0.176173 756
0.828991 1.591120 0.559262 757
0.517061 1.329485 -0.855949 758
0.783438 0.305421 -0.621470 759
-0.690911 1.663839 -0.722940 760
-0.816342 1.462114 -0.577569 761
-0.513977 2.012423 -0.857804 762
-0.878986 0.170561 -0.476848 763
-0.786019 1.437344 -0.618202 764
0.550210 1.098107 -0.835026 765
0.840605 2.829639 0.541648 766
-0.243830 4.350464 -0.969818 767
-0.489498 1.274932 -0.872004 768
0.416341 2.959052 0.909208 769
-0.999404 2.613463 -0.034530 770
0.933328 0.645731 -0.359026 771
0.832649 0.018880 -0.553801 772
0.998083 1.629082 -0.061894 773
-0.093631 1.803814 -0.995607 774
-0.463097 4.970174 -0.886308 775
0.380057 4.699815 -0.924963 776
-0.162023 2.170690 -0.986787 777
0.999630 4.677526 0.027186 778
0.286867 2.484165 0.957970 779
0.046233 4.855355 -0.998931 780
0.882947 4.788370 -0.469473 781
-0.847123 3.603629 -0.531397 782
-0.699218 3.239818 -0.714909 783
-0.253728 4.313000 -0.967276 784
0.868977 0.154546 -0.494853 785
0.657495 1.829390 -0.753459 786
0.223246 0.469103 0.974762 787
-0.459911 1.673250 -0.887965 788
0.632540 0.036638 -0.774528 789
0.789738 4.077632 -0.613444 790
0.828700 0.125049 0.559694 791
-0.614119 2.121016 -0.789213 792
0.413230 0.169010 0.910627 793
0.358482 3.383517 0.933537 794
-0.998046 1.639787 -0.062476 795
0.889110 2.800338 0.457694 796
0.245603 2.124036 0.969370 797
0.770597 0.750505 0.637323 798
0.351285 0.321816 0.936268 799
-0.591602 3.082224 -0.806231 800
0.999358 3.145029 0.035830 801
0.336802 0.883191 0.941575 802
0.049381 2.039585 -0.998780 803
0.942718 3.530696 -0.333591 804
0.971057 2.148951 -0.238847 805
-0.999874 1.054661 -0.015899 806
0.084662 2.954950 0.996410 807
0.456034 4.186014 0.889962 808
0.992451 4.441439 0.122640 809
0.480323 4.428020 -0.877092 810
0.986923 4.814540 0.161194 811
0.964202 3.848162 -0.265168 812
-0.156967 1.839713 -0.987604 813
0.627555 0.340677 0.778572 814
-0.863752 0.544482 -0.503917 815
-0.195581 4.684108 -0.980687 816
-0.896404 2.555277 -0.443237 817
0.297557 1.056389 -0.954704 818
-0.000097 2.105525 -1.000000 819
0.259774 4.147693 0.965670 820
0.689493 0.712347 0.724292 821
-0.345701 1.608161 -0.938345 822
-0.979637 4.089544 -0.200779 823
-0.999616 1.466917 -0.027728 824
0.906991 0.399757 -0.421149 825
0.934494 4.641544 0.355980 826
0.789681 0.833873 0.613518 827
0.990615 1.933863 -0.136683 828
-0.377142 2.430054 -0.926156 829
-0.777514 4.054370 -0.628866 830
0.997464 2.028540 -0.071170 831
0.251335 3.975136 0.967900 832
0.762788 0.096885 0.646649 833
0.322816 4.783283 0.946462 834
-0.110009 4.274579 -0.993931 835
-0.299364 4.931568 -0.954139 836
0.817565 1.253484 -0.575836 837
-0.718307 2.412574 -0.695727 838
-0.545125 1.623062 -0.838355 839
-0.521914 0.287009 -0.852998 840
0.997544 1.454842 -0.070048 841
-0.969233 3.380377 -0.246146 842
-0.470883 4.760762 -0.882196 843
0.999993 0.201364 0.003607 844
-0.105360 4.108083 -0.994434 845
-0.125491 1.118101 -0.992095 846
0.967781 4.998486 0.251792 847
0.213205 1.302628 0.977007 848
-0.815053 1.151414 -0.579386 849
-0.948684 2.625445 -0.316224 850
-0.830874 2.803365 -0.556460 851
-0.708815 4.130150 -0.705394 852
0.405417 1.442302 0.914132 853
-0.800833 1.263559 -0.598888 854
0.972730 1.201240 -0.231939 855
-0.298624 2.757460 -0.954371 856
-0.506346 1.076684 -0.862331 857
0.976359 3.327466 0.216155 858
0.850160 1.544321 -0.526525 859
0.272884 2.348893 0.962047 860
-0.016344 2.529022 -0.999866 861
0.984161 3.441933 0.177279 862
0.263454 0.964325 0.964672 863
0.920713 1.367827 -0.390242 864
0.535213 4.631634 0.844717 865
0.924578 1.173704 0.380992 866
0.216383 0.639909 -0.976309 867
0.961734 2.063089 0.273985 868
-0.719879 3.173608 -0.694100 869
0.204919 0.907726 0.978779 870
-0.602069 2.016156 -0.798444 871
0.869736 3.443817 0.493517 872
0.968539 1.629465 -0.248862 873
-0.721571 4.616422 -0.692340 874
-0.989312 3.785670 -0.145817 875
-0.209110 2.005563 -0.977892 876
0.135934 0.980545 0.990718 877
0.231157 2.001377 0.972917 878
-0.476040 0.772377 -0.879424 879
0.194199 0.322857 0.980962 880
0.998068 0.601730 0.062124 881
-0.966637 0.146708 -0.256149 882
0.950825 4.325938 -0.309728 883
0.278143 2.070989 -0.960540 884
-0.527714 3.959658 -0.849422 885
-0.652788 4.081986 -0.757541 886
-0.935298 1.976581 -0.353860 887
-0.999388 4.129728 -0.034976 888
0.838942 1.688116 0.544220 889
-0.996489 0.986773 -0.083724 890
0.543992 2.550354 0.839090 891
0.090394 1.049439 -0.995906 892
0.966026 2.899923 0.258444 893
0.148125 4.896067 0.988969 894
-0.742790 2.335612 -0.669524 895
-0.719364 4.010592 -0.694633 896
-0.093808 2.164741 -0.995590 897
-0.990430 1.205914 -0.138015 898
0.114222 3.173120 -0.993455 899
-0.991802 1.835924 -0.127781 900
0.826196 2.157295 0.563383 901
0.003625 1.509601 0.999993 902
-0.868074 2.160882 -0.496435 903
0.978517 3.452619 -0.206165 904
-0.811121 2.561437 -0.584878 905
-0.109595 4.956868 -0.993976 906
-0.804970 0.920357 -0.593316 907
-0.495487 2.794841 -0.868615 908
0.293500 2.435246 -0.955959 909
-0.803974 1.987432 -0.594665 910
-0.421260 2.464242 -0.906940 911
0.334969 4.844219 0.942229 912
0.268873 4.135159 -0.963176 913
0.743623 0.641927 -0.668599 914
-0.905702 4.211309 -0.423914 915
-0.994777 3.947372 -0.102076 916
-0.730467 1.724161 -0.682948 917
0.668880 3.692482 0.743370 918
0.539191 0.297551 0.842184 919
-0.636251 2.793243 -0.771482 920
0.040963 3.913596 0.999161 921
0.977238 0.703837 0.212145 922
0.569732 2.788252 0.821830 923
0.636084 1.027245 -0.771620 924
0.693670 4.302459 -0.720293 925
-0.214162 1.286764 -0.976798 926
-0.959047 1.388189 -0.283249 927
-0.327774 1.440831 -0.944756 928
-0.638896 3.673877 -0.769293 929
0.380841 2.485061 0.924641 930
-0.835949 0.273367 -0.548808 931
-0.997993 0.956446 -0.063317 932
0.170493 3.622827 -0.985359 933
0.988670 4.868307 0.150107 934
0.498128 3.522440 0.867103 935
0.941577 4.007629 -0.336799 936
-0.739554 1.031240 -0.673097 937
-0.078352 3.863336 -0.996926 938
-0.453730 4.363493 -0.891139 939
-0.999213 4.036946 -0.039678 940
0.295108 3.783138 -0.955464 941
0.996868 4.523064 -0.079079 942
-0.920844 2.104993 -0.389930 943
0.886377 3.292001 0.462964 944
0.142293 0.006483 0.989825 945
0.974389 4.910009 0.224870 946
0.855999 2.061572 0.516977 947
-0.436133 1.737989 -0.899882 948
-0.603941 3.340861 -0.797029 949
-0.324450 2.218377 -0.945903 950
0.975450 4.199350 0.220220 951
0.105363 2.647582 0.994434 952
0.990324 1.285707 -0.138777 953
0.842448 0.781493 -0.538778 954
0.656382 2.789081 0.754428 955
0.803167 4.806501 0.595754 956
0.999970 4.756363 0.007727 957
0.999793 3.674326 0.020337 958
0.748102 1.112777 0.663584 959
0.138697 2.483154 0.990335 960
0.662225 0.035121 -0.749305 961
0.757946 1.580958 0.652317 962
0.993015 3.692083 -0.117984 963
-0.126817 3.951680 -0.991926 964
0.999635 2.001413 -0.027020 965
0.116057 1.999438 -0.993243 966
0.287129 1.258460 0.957892 967
0.664840 0.459559 -0.746985 968
-0.909473 3.011025 -0.415763 969
0.999430 4.162242 0.033769 970
0.754912 1.467418 -0.655826 971
-0.502621 2.327686 -0.864507 972
0.962443 0.227634 0.271483 973
-0.948729 0.428613 -0.316089 974
0.168256 2.565724 0.985743 975
-0.558219 3.577137 -0.829694 976
-0.725351 0.177178 -0.688379 977
0.991029 4.897891 -0.133644 978
-0.999999 2.487246 -0.001075 979
0.010836 3.503719 -0.999941 980
-0.270988 4.015644 -0.962583 981
-0.978066 2.583371 -0.208295 982
-0.903694 2.513489 -0.428179 983
0.353463 3.773693 -0.935448 984
0.759715 1.190536 0.650256 985
0.573010 4.715378 0.819548 986
-0.994357 0.443126 -0.106088 987
0.959620 2.715047 0.281300 988
0.656552 4.517260 0.754281 989
0.957712 4.306608 0.287729 990
0.210017 3.157399 0.977698 991
0.998819 1.311818 -0.048592 992
0.937146 1.895088 0.348938 993
0.054790 1.686619 -0.998498 994
0.519729 1.572975 0.854331 995
0.065506 4.735516 -0.997852 996
-0.960979 2.675854 -0.276622 997
0.970414 3.509776 0.241447 998
0.195640 4.375190 0.980676 999
-0.232853 4.931248 1.027488 1000
0.463182 4.426525 2.886263 1001
-0.960525 2.024221 2.278195 1002
-0.658890 3.135717 2.752239 1003
-0.490132 1.927280 1.128352 1004
-0.900576 4.239304 1.565301 1005
-0.548239 2.634243 2.836322 1006
0.996201 4.037018 2.087086 1007
-0.745709 1.967483 1.333729 1008
-0.501056 4.808670 2.865415 1009
-0.970996 0.150603 2.239097 1010
-0.830761 4.768650 1.443371 1011
-0.360168 3.571925 1.067112 1012
-0.943709 3.232741 1.669223 1013
0.674407 2.233261 2.738360 1014
-0.334476 0.873135 2.942404 1015
-0.299427 4.176235 1.045881 1016
-0.381648 4.850469 1.075692 1017
-0.354666 0.674874 2.934993 1018
-0.480447 1.254945 1.122976 1019
0.963019 4.550036 2.269435 1020
-0.091926 3.382330 2.995766 1021
-0.771014 3.115804 1.363182 1022
0.998920 2.561078 2.046454 1023
0.793348 0.017414 2.608769 1024
0.577194 1.134442 2.816607 1025
0.592648 4.892286 2.805462 1026
-0.956427 4.306262 2.291972 1027
0.284170 0.071926 2.958774 1028
0.592297 2.428884 2.805720 1029
0.997411 2.082015 2.071915 1030
-0.929570 3.864512 1.631354 1031
-0.502658 2.440738 2.864485 1032
-0.315816 2.612823 1.051179 1033
-0.585219 3.910247 2.810875 1034
-0.391299 2.956147 2.920264 1035
-0.662884 0.631964 1.251278 1036
-0.785762 0.548596 2.618529 1037
0.577647 3.314527 2.816287 1038
-0.999668 4.985466 1.974222 1039
-0.690984 1.730905 1.277130 1040
0.995720 0.880273 2.092417 1041
-0.997631 0.339445 1.931204 1042
-0.215756 1.546979 2.976447 1043
-0.712211 1.673799 1.298034 1044
-0.716417 1.880838 2.697672 1045
-0.979725 4.761034 1.799653 1046
-0.435246 3.596603 2.900312 1047
0.134908 3.896712 2.990858 1048
0.626515 3.088293 2.779409 1049
0.612543 3.246192 2.790437 1050
-0.997314 3.781417 1.926757 1051
0.143555 0.739171 2.989642 1052
-0.831488 2.997268 2.555542 1053
0.757728 4.493043 2.652571 1054
-0.989189 0.859664 1.853354 1055
-0.210654 4.094641 2.977561 1056
-0.612864 0.346469 1.209811 1057
-0.636255 4.778436 1.228521 1058
-0.941247 1.586689 2.337720 1059
-0.695526 0.026006 2.718501 1060
-0.454959 3.799678 1.109488 1061
-0.745012 1.543399 1.332949 1062
-0.994749 3.576278 2.102345 1063
-0.756389 0.404738 1.345878 1064
-0.999540 4.229390 2.030339 1065
-0.040691 3.591881 2.999172 1066
0.204052 4.351965 2.978960 1067
-0.037032 4.360798 2.999314 1068
-0.811077 3.807816 2.584939 1069
-0.959704 3.347282 1.718989 1070
0.113059 4.510141 2.993588 1071
-0.689696 4.107312 1.275901 1072
-0.893994 4.163286 2.448078 1073
-0.173849 3.199590 2.984772 1074
-0.985586 0.781022 1.830826 1075
-0.844087 3.915840 2.536207 1076
-0.501777 3.657027 2.864997 1077
-0.991369 2.823660 1.868900 1078
-0.977245 3.616746 2.212114 1079
-0.823120 1.198690 1.432132 1080
-0.201971 2.449293 1.020609 1081
-0.778237 2.118013 2.627971 1082
-0.535261 3.978388 1.155313 1083
0.685842 3.817050 2.727751 1084
-0.095296 1.194444 1.004551 1085
0.287515 3.175547 2.957776 1086
0.372519 1.157726 2.928024 1087
-0.552660 3.079691 1.166593 1088
-0.945105 1.342523 1.673234 1089
0.800103 4.956066 2.599863 1090
0.998466 3.801594 2.055374 1091
-0.479420 2.410837 1.122415 1092
0.591066 4.726002 2.806623 1093
0.162375 1.803691 2.986729 1094
-0.999697 0.421955 2.024615 1095
0.228515 4.742568 2.973540 1096
-0.597493 3.454137 2.801874 1097
0.953765 3.077543 2.300554 1098
-0.054943 4.474890 1.001510 1099
-0.922900 0.062691 2.385040 1100
-0.412214 1.504560 2.911087 1101
-0.756860 4.825404 2.653577 1102
-0.002913 0.510453 2.999996 1103
-0.452198 2.980109 2.891918 1104
0.484711 2.344888 2.874674 1105
-0.917393 3.586628 2.397983 1106
-0.904093 4.294355 1.572665 1107
-0.799184 0.927992 2.601087 1108
-0.992423 2.311875 2.122871 1109
0.552683 4.516499 2.833392 1110
-0.217308 0.110523 2.976103 1111
-0.852652 3.802031 1.477520 1112
-0.997769 3.979260 1.933232 1113
-0.566344 1.569255 2.824169 1114
-0.893479 1.179126 2.449105 1115
-0.824750 2.472259 1.434502 1116
0.961361 3.426272 2.275290 1117
-0.955147 4.723168 2.296131 1118
0.972073 2.196560 2.234677 1119
-0.377052 2.487172 2.926192 1120
0.133128 0.493090 2.991099 1121
-0.558047 2.772188 1.170191 1122
0.997500 2.178472 2.070672 1123
-0.888244 0.906323 1.540628 1124
-0.136958 0.769059 1.009423 1125
-0.046718 4.668647 1.001092 1126
-0.838740 0.681328 1.455468 1127
-0.476205 4.992725 2.879335 1128
-0.701457 3.453103 2.712711 1129
0.533318 4.805212 2.845915 1130
-0.994043 3.877508 2.108990 1131
0.062623 0.003621 2.998037 1132
-0.186925 1.627357 1.017626 1133
-0.960340 2.720518 1.721167 1134
-0.362070 1.532532 2.932151 1135
-0.933375 3.363519 1.641098 1136
0.303272 1.728567 2.952904 1137
-0.481441 4.902997 2.876478 1138
-0.308807 1.769842 1.048875 1139
-0.996918 0.097577 1.921546 1140
0.538901 4.063760 2.842369 1141
-0.687159 4.914072 1.273493 1142
-0.984108 1.559179 2.177568 1143
0.807798 1.894542 2.589459 1144
0.560266 3.740147 2.828313 1145
-0.960990 2.214150 2.276582 1146
-0.985018 0.499458 2.172450 1147
-0.174142 4.963112 2.984721 1148
-0.908435 2.681310 2.418027 1149
-0.528212 0.672740 2.849113 1150
0.978682 0.656500 2.205380 1151
0.991806 4.319968 2.127757 1152
0.097149 3.541362 2.995270 1153
0.998164 4.991203 2.060576 1154
-0.236349 4.078785 2.971668 1155
-0.996997 3.911199 1.922562 1156
0.905810 3.818079 2.423685 1157
0.986166 4.524876 2.165759 1158
-0.967475 0.515609 2.252968 1159
-0.962720 1.058552 2.270501 1160
0.997244 4.255443 2.074198 1161
0.997032 3.714826 2.076995 1162
0.624968 2.025355 2.780650 1163
-0.930213 1.525209 2.367021 1164
0.963411 2.370975 2.268027 1165
-0.160628 0.723688 2.987015 1166
-0.986262 2.471701 2.165189 1167
-0.971295 2.650621 1.762123 1168
-0.992502 2.551212 1.877771 1169
0.922529 1.137346 2.385928 1170
-0.539886 4.674970 2.841738 1171
-0.489286 2.588460 2.872124 1172
-0.093719 2.296305 2.995599 1173
0.749260 3.883690 2.662276 1174
-0.999105 3.669016 1.957705 1175
-0.988261 3.011910 1.847228 1176
-0.959179 0.284645 1.717199 1177
-0.631539 0.360016 2.775344 1178
-0.864339 3.178408 2.502909 1179
0.841674 4.381669 2.539987 1180
-0.525525 2.137397 2.850778 1181
-0.973225 3.542017 1.770147 1182
-0.483783 0.350951 1.124812 1183
0.280036 0.095326 2.959990 1184
0.361825 2.541549 2.932246 1185
-0.591831 4.347030 1.193938 1186
0.458113 3.992745 2.888894 1187
-0.795311 3.996170 1.393798 1188
-0.418385 0.980567 1.091730 1189
0.460022 3.571872 2.887907 1190
0.428708 1.075042 2.903443 1191
0.972639 3.932537 2.232320 1192
0.932553 0.860738 2.361034 1193
-0.992589 1.030736 2.121520 1194
0.621977 2.322371 2.783036 1195
-0.671142 0.372633 1.258671 1196
0.682597 2.982903 2.730795 1197
0.693225 0.954952 2.720721 1198
-0.026879 4.674087 1.000361 1199
-0.480890 1.537563 2.876781 1200
-0.031637 2.309461 2.999499 1201
0.089960 4.148766 2.995945 1202
-0.149038 1.500688 2.988832 1203
-0.278567 3.548099 2.960417 1204
-0.937960 0.373005 2.346742 1205
0.844967 3.751079 2.534818 1206
0.983901 2.344527 2.178712 1207
-0.556607 4.724570 2.830776 1208
-0.575517 0.069869 1.182210 1209
-0.304966 0.270994 1.047637 1210
0.318938 3.692244 2.947776 1211
0.727999 3.177825 2.685578 1212
-0.563945 4.654861 1.174188 1213
0.434796 2.304803 2.900529 1214
-0.995184 2.564450 2.098027 1215
-0.155407 2.122406 1.012149 1216
-0.999967 2.079585 2.008178 1217
-0.573535 1.941171 1.180819 1218
0.998906 4.277686 2.046764 1219
0.798712 4.115095 2.601713 1220
-0.753975 4.569552 1.343097 1221
-0.440642 4.180210 2.897683 1222
-0.494141 4.340438 1.130618 1223
-0.948737 3.877936 1.683933 1224
-0.995266 2.159640 1.902810 1225
-0.060182 2.180490 2.998187 1226
0.709209 1.121524 2.704998 1227
0.742965 0.065922 2.669330 1228
0.621129 1.879831 2.783709 1229
-0.407724 4.192812 2.913105 1230
-0.627780 1.431217 1.221610 1231
-0.673883 1.420646 2.738838 1232
-0.762641 1.635402 1.353178 1233
-0.565080 2.381046 2.825036 1234
-0.551729 1.129917 2.834024 1235
-0.525264 4.810031 2.850939 1236
-0.363237 1.532291 2.931697 1237
-0.447218 3.894628 1.105575 1238
0.999654 4.476712 2.026311 1239
0.168497 1.268617 2.985702 1240
0.973284 0.728767 2.229606 1241
-0.992205 1.707481 1.875382 1242
-0.996957 3.665673 2.077959 1243
-0.080082 0.169320 1.003212 1244
-0.859154 2.721194 2.511716 1245
-0.309346 2.792227 2.950949 1246
0.592394 3.348419 2.805648 1247
-0.980970 2.919635 2.194161 1248
-0.951014 3.429545 1.690851 1249
-0.199181 3.829919 2.979963 1250
0.998917 4.488311 2.046525 1251
-0.396533 4.833948 2.918021 1252
-0.917124 4.528968 1.601398 1253
-0.825652 0.892897 1.435820 1254
-0.368312 4.892440 1.070298 1255
-0.668160 4.489929 1.255982 1256
-0.161488 0.146807 2.986875 1257
-0.976734 1.410112 2.214456 1258
-0.954006 0.939506 1.700212 1259
0.610820 3.043768 2.791769 1260
-0.433670 1.046772 1.098928 1261
-0.896375 4.988673 2.443297 1262
-0.986524 0.083809 2.163614 1263
0.449452 2.198141 2.893305 1264
-0.849627 0.741976 2.527383 1265
-0.316849 3.107230 1.051524 1266
-0.008784 3.771844 2.999961 1267
-0.998623 1.402985 2.052451 1268
-0.272518 2.635898 2.962151 1269
-0.982855 1.562203 2.184380 1270
-0.988357 0.908704 1.847848 1271
-0.296369 3.896265 2.955073 1272
-0.369419 4.047545 2.929263 1273
-0.998544 3.616565 2.053948 1274
-0.692798 0.226547 1.278869 1275
-0.179389 3.066499 2.983778 1276
-0.419743 1.676074 2.907643 1277
-0.942985 2.919313 2.332834 1278
-0.889012 4.565889 2.457883 1279
-0.972506 2.506362 1.767124 1280
-0.743776 2.087548 2.668429 1281
-0.869251 3.997288 1.505628 1282
-0.670728 4.453046 2.741703 1283
0.640187 2.566767 2.768219 1284
-0.987216 1.948632 1.840609 1285
-0.081393 4.653194 1.003318 1286
-0.790239 1.413661 1.387201 1287
-0.984919 3.849686 1.826983 1288
-0.655271 3.637916 2.755394 1289
0.857657 4.573040 2.514222 1290
-0.999964 0.530602 2.008535 1291
-0.150415 4.444688 2.988623 1292
0.790027 2.975202 2.613073 1293
-0.891233 0.060400 2.453545 1294
-0.740661 1.191572 1.328121 1295
-0.999411 0.618119 1.965691 1296
-0.002605 4.403922 1.000003 1297
-0.179801 4.066161 1.016297 1298
0.961776 3.816692 2.273838 1299
-0.126788 4.051935 2.991930 1300
-0.848957 3.411269 2.528461 1301
0.330880 3.124010 2.943673 1302
-0.947116 1.840393 2.320892 1303
0.973159 1.013901 2.230136 1304
-0.900209 1.375256 2.435459 1305
-0.987048 2.407719 1.839577 1306
-0.176778 2.000956 1.015749 1307
-0.922942 3.511479 1.615061 1308
-0.940892 1.606805 1.661293 1309
-0.447850 0.242266 2.894109 1310
-0.988366 3.887431 2.152092 1311
-0.800552 2.767014 1.400737 1312
0.922889 0.338747 2.385067 1313
-0.254181 2.480883 1.032843 1314
-0.385834 4.180526 1.077432 1315
-0.953909 2.304671 2.300096 1316
0.367129 3.900127 2.930170 1317
-0.561625 2.458719 1.172608 1318
-0.750321 3.478570 2.661074 1319
-0.952046 4.925310 1.694044 1320
-0.406755 1.765861 2.913537 1321
-0.181036 3.109958 1.016524 1322
0.942898 2.579469 2.333083 1323
-0.860921 4.075161 2.508739 1324
0.193624 2.445320 2.981076 1325
-0.620462 3.657298 1.215763 1326
-0.011412 3.552872 2.999935 1327
-0.997966 4.172058 1.936251 1328
0.968453 0.054621 2.249197 1329
-0.109682 0.241885 2.993967 1330
-0.701435 2.506337 2.712734 1331
-0.458633 1.458447 2.888626 1332
-0.881829 0.068963 2.471570 1333
-0.972320 3.970889 2.233654 1334
0.860726 0.336413 2.509068 1335
-0.461316 1.550889 1.112764 1336
-0.915460 1.700027 1.597591 1337
-0.832890 4.083890 1.446561 1338
-0.765629 0.021864 1.356717 1339
-0.999876 2.469080 1.984274 1340
0.584439 3.067240 2.811438 1341
0.280100 1.870406 2.959971 1342
-0.981904 0.991541 2.189381 1343
-0.818651 4.475338 2.574292 1344
0.960943 4.934243 2.276746 1345
0.913406 4.608900 2.407050 1346
0.288143 1.972087 2.957587 1347
-0.349382 3.311437 2.936980 1348
-0.615540 2.700550 2.788105 1349
-0.415850 1.055397 1.090567 1350
-0.945443 1.526650 2.325787 1351
0.020630 0.067012 2.999787 1352
-0.630845 0.022810 2.775909 1353
-0.946852 4.938935 2.321669 1354
0.724278 4.058985 2.689508 1355
-0.719848 3.852028 1.305869 1356
-0.205298 4.516426 1.021301 1357
-0.944365 0.618871 2.328900 1358
0.990838 0.480398 2.135059 1359
-0.774152 2.757338 1.367000 1360
-0.964699 0.032588 2.263357 1361
-0.986564 0.628466 1.836622 1362
0.907096 0.278900 2.420925 1363
-0.418185 3.813369 2.908362 1364
-0.197755 0.357008 2.980252 1365
0.708813 3.591167 2.705397 1366
-0.707713 0.702040 1.293500 1367
-0.689206 3.078492 1.275434 1368
-0.528969 2.357546 2.848641 1369
-0.203089 2.551763 1.020840 1370
0.769050 1.725215 2.639189 1371
-0.575264 0.423790 1.182032 1372
-0.885005 1.279007 1.534419 1373
-0.498845 2.627859 2.866691 1374
-0.976550 0.702674 2.215290 1375
-0.225697 0.602355 1.025803 1376
-0.992120 2.513694 2.125288 1377
0.394287 1.429566 2.918987 1378
-0.091146 0.559836 2.995838 1379
0.633079 2.500231 2.774087 1380
-0.675255 1.889505 2.737584 1381
-0.350274 1.352794 2.936647 1382
-0.575746 4.783455 2.817628 1383
-0.965721 2.290340 2.259582 1384
0.944287 1.225103 2.329122 1385
0.089665 4.152285 2.995972 1386
-0.962520 1.515869 2.271212 1387
0.678731 0.166097 2.734387 1388
-0.976961 4.937797 2.213416 1389
0.400202 2.398881 2.916427 1390
-0.930971 3.017679 2.365093 1391
-0.726987 2.581244 2.686651 1392
-0.580565 4.886305 2.814214 1393
-0.830820 1.235992 2.556541 1394
-0.268446 3.340973 1.036705 1395
-0.039695 0.733658 2.999212 1396
-0.317092 2.025612 2.948395 1397
0.120557 0.710264 2.992706 1398
-0.360377 1.721230 2.932807 1399
0.221487 2.749660 2.975163 1400
-0.282583 0.212159 2.959243 1401
-0.717080 1.159799 2.696991 1402
-0.966221 1.993953 1.742284 1403
0.127475 0.603455 2.991842 1404
0.863535 2.213150 2.504290 1405
-0.495281 0.257262 2.868733 1406
-0.588151 4.983233 2.808751 1407
0.997612 3.471882 2.069070 1408
-0.999924 3.075108 2.012322 1409
-0.963646 3.085773 1.732818 1410
0.241226 4.148696 2.970469 1411
0.330662 4.896428 2.943749 1412
-0.980658 2.187174 1.804272 1413
-0.851343 4.231052 1.475391 1414
-0.065184 1.985418 1.002127 1415
-0.612942 2.101859 2.790128 1416
-0.442115 4.459941 1.103042 1417
-0.526746 1.728309 2.850023 1418
-0.796324 4.042065 1.395129 1419
-0.721840 4.971381 1.307940 1420
0.708427 3.905319 2.705784 1421
-0.281582 4.259044 2.959537 1422
-0.772784 3.303055 2.634670 1423
-0.970744 1.360564 1.759883 1424
-0.896341 1.204216 2.443366 1425
-0.565221 2.129618 2.824939 1426
-0.503516 2.987791 2.863986 1427
0.915725 2.100206 2.401805 1428
-0.496072 3.837621 2.868281 1429
-0.154727 0.128459 2.987957 1430
0.144630 3.463965 2.989486 1431
-0.642813 3.767191 1.233977 1432
-0.905869 4.767790 1.576442 1433
-0.234548 1.936610 1.027896 1434
-0.871585 0.280782 2.490244 1435
0.997752 1.876701 2.067021 1436
-0.945336 3.287566 2.326099 1437
-0.761815 3.508833 1.352205 1438
-0.107740 0.453684 1.005821 1439
0.501281 4.739935 2.865284 1440
-0.984824 2.674244 1.826445 1441
-0.776667 4.551202 2.629911 1442
-0.310972 1.546554 1.049581 1443
-0.975895 3.624475 1.781760 1444
0.476077 1.917295 2.879404 1445
-0.521060 4.494365 2.853520 1446
0.688432 0.342190 2.725301 1447
-0.146404 1.324998 1.010775 1448
-0.105281 3.122806 2.994443 1449
0.973409 3.401396 2.229075 1450
-0.913961 3.684504 1.594198 1451
-0.475633 4.664903 1.120356 1452
0.220520 3.073356 2.975382 1453
0.377451 3.691526 2.926030 1454
-0.311692 3.182629 1.049817 1455
0.815479 0.850666 2.578787 1456
-0.275280 1.361678 1.038636 1457
-0.986285 4.062239 1.834946 1458
-0.657735 2.016305 1.246751 1459
0.551888 3.300413 2.833918 1460
-0.542804 1.430295 2.839859 1461
0.927902 4.806917 2.372824 1462
-0.645417 2.882780 1.236170 1463
-0.880917 4.833144 2.473271 1464
0.066100 2.569605 2.997813 1465
-0.194625 4.321117 2.980878 1466
-0.583473 1.126638 1.187867 1467
-0.182022 1.217275 2.983294 1468
0.940310 4.494132 2.340319 1469
0.588403 3.545988 2.808568 1470
0.972925 4.875717 2.231123 1471
-0.891099 2.297821 2.453809 1472
0.839433 3.708873 2.543463 1473
-0.776818 3.344836 2.629725 1474
0.851670 0.148062 2.524079 1475
-0.883945 1.751781 1.532410 1476
-0.195348 0.410331 2.980734 1477
-0.739460 0.304187 1.326800 1478
0.975948 3.800475 2.218003 1479
-0.947972 3.139154 2.318354 1480
-0.237337 2.652335 1.028573 1481
0.208332 4.946309 2.978058 1482
-0.500230 1.514810 1.134107 1483
0.887590 0.903506 2.460635 1484
0.953006 2.846250 2.302951 1485
0.449928 2.332860 2.893065 1486
-0.310070 1.961146 1.049286 1487
0.956077 0.137034 2.293115 1488
0.319972 1.707398 2.947427 1489
-0.002207 4.881746 1.000002 1490
0.541169 2.884675 2.840914 1491
-0.701788 3.853201 2.712386 1492
0.200534 3.132057 2.979687 1493
-0.999589 3.665250 1.971316 1494
-0.196672 0.746707 1.019531 1495
-0.891253 2.073205 1.546493 1496
-0.999997 0.344924 2.002558 1497
0.815581 4.420970 2.578642 1498
0.900611 4.159971 2.434626 1499
0.997548 1.576053 2.069989 1500
0.211117 4.490272 2.977461 1501
-0.760208 3.765490 1.350321 1502
-0.068354 0.762747 1.002339 1503
0.996655 3.577069 2.081729 1504
-0.752000 4.208191 1.340837 1505
-0.977073 3.917288 2.212903 1506
-0.876810 4.989148 2.480836 1507
0.408513 2.930570 2.912752 1508
-0.743821 1.803903 1.331621 1509
0.324459 1.869545 2.945900 1510
-0.917190 4.936100 1.601550 1511
-0.999453 4.436039 2.033084 1512
0.532921 0.928157 2.846165 1513
-0.954092 1.220658 2.299514 1514
-0.957988 1.234347 2.286808 1515
-0.999430 0.869075 2.033758 1516
0.649339 1.671526 2.760499 1517
-0.989944 2.031124 2.141460 1518
0.694866 3.118883 2.719139 1519
-0.826023 4.490036 2.563637 1520
-0.979281 3.395825 2.202506 1521
-0.995900 0.657715 1.909536 1522
-0.998734 2.364449 1.949696 1523
-0.548379 4.837241 1.163770 1524
0.998156 2.493814 2.060708 1525
0.107850 1.985410 2.994167 1526
-0.862943 4.941117 1.494698 1527
0.122390 3.841642 2.992482 1528
-0.338686 4.915724 1.059101 1529
-0.998387 1.196352 1.943231 1530
0.939293 2.332731 2.343116 1531
0.945059 0.176746 2.326899 1532
0.998420 3.685727 2.056191 1533
0.479741 4.248486 2.877410 1534
-0.759135 2.583492 2.650933 1535
-0.555064 0.717950 2.831807 1536
-0.985214 3.884914 1.828674 1537
-0.922340 2.237272 2.386379 1538
-0.737108 0.827312 2.675775 1539
0.939345 1.282875 2.342974 1540
0.613268 3.646681 2.789875 1541
-0.216322 0.306527 2.976322 1542
0.264927 0.566399 2.964268 1543
-0.881813 4.073207 1.528402 1544
0.091309 2.307580 2.995823 1545
-0.991012 4.543958 2.133776 1546
-0.063260 4.481575 1.002003 1547
-0.716624 1.034889 2.697459 1548
-0.243955 4.370466 1.030213 1549
-0.724569 1.186458 1.310798 1550
-0.378803 3.421519 1.074523 1551
0.861350 4.800605 2.508013 1552
-0.774128 2.132888 1.366970 1553
-0.418963 0.870860 1.091996 1554
0.740552 1.986860 2.671999 1555
0.838936 3.354667 2.544230 1556
-0.899406 2.425312 1.562885 1557
-0.966439 1.912959 1.743102 1558
-0.997494 2.817601 2.070753 1559
-0.916460 2.449436 1.599873 1560
-0.999864 0.775583 2.016515 1561
-0.521855 3.255747 1.146966 1562
0.284308 3.634975 2.958733 1563
-0.394693 0.018373 2.918813 1564
0.537178 4.545715 2.843469 1565
0.985961 3.309304 2.166975 1566
0.927744 0.248198 2.373218 1567
-0.647415 2.261124 1.237862 1568
-0.032369 0.820471 2.999476 1569
-0.585833 2.353386 2.810432 1570
-0.395288 4.117345 1.081443 1571
0.473847 4.249937 2.880607 1572
-0.605264 4.821131 1.203976 1573
-0.998879 4.063433 2.047333 1574
-0.490609 1.321952 1.128620 1575
-0.666516 1.031757 2.745491 1576
-0.034650 4.661075 1.000600 1577
-0.187347 1.966694 2.982294 1578
-0.803568 0.311859 2.595214 1579
0.656646 0.219017 2.754199 1580
-0.713556 0.030699 2.700598 1581
-0.406619 4.085558 2.913598 1582
-0.999568 4.575904 2.029398 1583
-0.999458 3.708201 1.967084 1584
-0.199725 1.019137 1.020148 1585
0.618357 1.171082 2.785897 1586
0.865777 4.492467 2.500430 1587
-0.887530 3.938771 2.460749 1588
-0.144790 0.914885 1.010538 1589
0.993747 2.528679 2.111657 1590
-0.574173 0.304923 1.181266 1591
0.991990 0.676412 2.126315 1592
-0.769096 0.111210 2.639134 1593
0.616779 4.349124 2.787136 1594
-0.973435 3.070610 1.771037 1595
0.379752 1.695709 2.925088 1596
-0.306634 3.428308 1.048173 1597
0.798203 1.086903 2.602388 1598
-0.775364 1.157155 2.631515 1599
-0.474020 2.211081 1.119486 1600
-0.268171 1.669362 1.036629 1601
-0.008247 1.332534 2.999966 1602
-0.470831 3.774955 2.882224 1603
-0.604767 2.081476 2.796402 1604
0.762513 4.752336 2.646973 1605
0.801949 4.182896 2.597393 1606
-0.806698 4.479381 2.590964 1607
-0.961439 1.276412 1.724982 1608
-0.303199 2.605546 2.952927 1609
-0.117936 1.683777 2.993021 1610
0.224518 3.280945 2.974470 1611
-0.580255 1.974238 1.185565 1612
-0.982062 0.503371 2.188557 1613
0.420774 2.309563 2.907165 1614
-0.103104 2.781794 1.005329 1615
-0.992408 1.511624 2.122992 1616
0.468560 3.153801 2.883432 1617
-0.997612 2.621479 1.930931 1618
-0.999992 1.544441 2.003974 1619
0.805165 2.315482 2.593052 1620
0.994388 0.662942 2.105799 1621
0.328968 3.805222 2.944341 1622
0.853013 0.674606 2.521890 1623
0.947121 2.155663 2.320876 1624
-0.638886 4.296375 1.230698 1625
0.660142 2.334906 2.751141 1626
0.988354 1.431144 2.152175 1627
-0.950189 0.326333 1.688327 1628
-0.817743 3.285085 2.575583 1629
0.266767 3.151316 2.963761 1630
-0.164767 3.657660 2.986333 1631
0.998157 4.774538 2.060688 1632
-0.498705 1.846638 1.133228 1633
-0.590246 0.347015 1.192776 1634
0.364118 4.337619 2.931353 1635
-0.896948 1.473320 2.442136 1636
0.731336 2.766874 2.682018 1637
-0.942516 3.910786 2.334162 1638
0.010524 0.350883 2.999945 1639
-0.999280 3.166791 2.037945 1640
-0.599286 0.205564 1.199465 1641
-0.893044 0.121152 2.449969 1642
-0.091850 3.608706 1.004227 1643
-0.831038 4.428937 1.443784 1644
0.752412 4.685939 2.658693 1645
-0.708126 4.623578 1.293914 1646
0.618366 3.781587 2.785890 1647
-0.991505 1.887083 2.130070 1648
-0.999940 4.170926 1.989004 1649
-0.879119 3.433228 1.523398 1650
-0.217305 2.776001 2.976104 1651
-0.488287 0.430805 2.872683 1652
-0.648468 2.773839 2.761242 1653
-0.962163 3.397032 2.272473 1654
0.675348 2.137543 2.737499 1655
0.999954 0.814543 2.009545 1656
-0.835227 3.467446 1.450095 1657
-0.750968 2.595860 2.660339 1658
0.536240 4.002739 2.844065 1659
0.883509 3.892209 2.468415 1660
0.737503 4.640163 2.675344 1661
-0.342496 3.631088 2.939519 1662
-0.343568 0.476907 2.939128 1663
0.969330 2.246498 2.245765 1664
-0.270767 4.883039 1.037355 1665
0.760493 4.844721 2.649347 1666
-0.238211 3.226350 2.971213 1667
0.104775 0.463735 2.994496 1668
0.700856 3.860190 2.713303 1669
-0.468007 2.019855 1.116275 1670
0.049972 1.398541 2.998751 1671
-0.950086 1.132237 1.688013 1672
-0.357457 0.724031 2.933929 1673
-0.308093 0.463973 2.951356 1674
-0.725266 3.513602 2.688469 1675
0.698258 3.406061 2.715846 1676
-0.784574 2.288199 2.620035 1677
-0.992809 2.661727 2.119709 1678
0.997088 1.491736 2.076255 1679
-0.695287 2.014981 1.281268 1680
-0.799320 0.762338 1.399094 1681
-0.989267 3.951022 1.853884 1682
-0.569419 0.992800 2.822048 1683
0.925174 2.472364 2.379543 1684
-0.747872 1.516318 1.336157 1685
0.614073 0.739721 2.789249 1686
-0.503710 4.820071 2.863873 1687
0.998136 3.684515 2.061024 1688
0.115626 2.593741 2.993293 1689
-0.554194 4.491403 1.167613 1690
-0.700660 3.535003 1.286504 1691
0.001123 1.974098 2.999999 1692
-0.533017 3.210961 1.153896 1693
-0.636286 1.521669 2.771453 1694
-0.878154 0.424196 2.478377 1695
-0.971530 4.427061 2.236917 1696
-0.999748 0.469873 2.022465 1697
-0.972333 4.756084 2.233599 1698
-0.996213 3.090901 1.913056 1699
-0.740116 3.802870 2.672479 1700
-0.975267 3.103622 1.778972 1701
-0.755924 2.896160 2.654660 1702
-0.959234 1.404266 2.282613 1703
-0.156267 0.498823 1.012285 1704
-0.743475 3.607828 1.331237 1705
0.073366 4.207195 2.997305 1706
-0.931552 4.106250 2.363607 1707
0.817603 2.717823 2.575783 1708
0.363647 1.822014 2.931537 1709
-0.800540 2.504675 1.400720 1710
-0.999985 1.651989 1.994443 1711
0.997939 1.152734 2.064169 1712
-0.879868 3.024640 2.475218 1713
-0.540702 0.236708 2.841214 1714
-0.433088 3.682747 1.098648 1715
0.238823 2.438661 2.971063 1716
0.953405 4.928881 2.301692 1717
-0.624968 4.892387 2.780651 1718
-0.076680 0.711522 1.002944 1719
-0.357808 4.644782 1.066205 1720
-0.879008 0.079131 2.476806 1721
-0.997717 3.638656 2.067534 1722
-0.877787 3.668793 1.520948 1723
0.877419 0.339744 2.479725 1724
0.999987 3.987418 2.005058 1725
-0.831724 2.266509 2.555190 1726
0.999478 1.053576 2.032311 1727
-0.527863 3.676256 2.849330 1728
0.604199 2.886961 2.796833 1729
-0.843123 3.947297 1.462279 1730
-0.974417 0.413727 2.224749 1731
0.997326 1.878892 2.073076 1732
-0.491959 1.004791 1.129382 1733
-0.901381 3.228655 1.566972 1734
-0.424208 0.619377 1.094435 1735
-0.907678 2.537614 1.580334 1736
-0.221499 0.527843 2.975161 1737
0.010473 0.145523 2.999945 1738
-0.720565 0.253381 2.693387 1739
-0.886474 0.913608 2.462777 1740
-0.889868 2.548323 1.543783 1741
-0.861059 3.238058 1.491495 1742
-0.652183 2.547934 2.758061 1743
-0.802843 2.995924 1.403809 1744
-0.604228 1.682087 2.796812 1745
0.577218 3.617493 2.816590 1746
-0.917032 0.590333 2.398813 1747
-1.000000 2.599195 2.000784 1748
-0.998868 4.975840 1.952429 1749
-0.267608 1.566743 1.036472 1750
-0.883438 2.529005 1.531452 1751
-0.944954 4.098906 1.672796 1752
-0.589326 1.493513 1.192105 1753
-0.042642 3.542979 1.000910 1754
-0.720072 4.347495 2.693899 1755
-0.984359 3.282381 2.176173 1756
-0.828991 4.310953 1.440738 1757
-0.517061 4.632991 2.855949 1758
-0.783438 4.693668 2.621470 1759
0.690911 3.328593 2.722940 1760
0.816342 2.988641 2.577569 1761
0.513977 2.022633 2.857804 1762
0.878986 0.670135 2.476848 1763
0.786019 1.509777 2.618202 1764
-0.550210 2.301636 2.835026 1765
-0.840605 2.516379 1.458352 1766
0.243830 3.814681 2.969818 1767
0.489498 4.721379 2.872004 1768
-0.416341 3.249228 1.090792 1769
0.999404 4.731851 2.034530 1770
-0.933328 2.318580 2.359026 1771
-0.832649 1.355860 2.553801 1772
-0.998083 0.346940 2.061894 1773
0.093631 0.936921 2.995607 1774
0.463097 1.745188 2.886308 1775
-0.380057 4.571520 2.924963 1776
0.162023 0.068816 2.986787 1777
-0.999630 4.937649 1.972814 1778
-0.286867 0.870116 1.042030 1779
-0.046233 2.014777 2.998931 1780
-0.882947 1.996301 2.469473 1781
0.847123 3.928287 2.531397 1782
0.699218 2.529419 2.714909 1783
0.253728 2.811884 2.967276 1784
-0.868977 3.506189 2.494853 1785
-0.657495 1.426869 2.753459 1786
-0.223246 4.933184 1.025238 1787
0.459911 1.121590 2.887965 1788
-0.632540 2.504770 2.774528 1789
-0.789738 2.149595 2.613444 1790
-0.828700 2.580012 1.440306 1791
0.614119 0.234291 2.789213 1792
-0.413230 4.823265 1.089373 1793
-0.358482 0.328835 1.066463 1794
0.998046 2.550096 2.062476 1795
-0.889110 3.526960 1.542306 1796
-0.245603 3.124525 1.030630 1797
-0.770597 1.137470 1.362677 1798
-0.351285 3.153386 1.063732 1799
0.591602 0.765770 2.806231 1800
-0.999358 1.553948 1.964170 1801
-0.336802 3.246584 1.058425 1802
-0.049381 4.177886 2.998780 1803
-0.942718 0.088514 2.333591 1804
-0.971057 2.022005 2.238847 1805
0.999874 3.997573 2.015899 1806
-0.084662 0.797911 1.003590 1807
-0.456034 1.562134 1.110038 1808
-0.992451 3.155387 1.877360 1809
-0.480323 2.955102 2.877092 1810
-0.986923 0.272395 1.838806 1811
-0.964202 4.347405 2.265168 1812
0.156967 3.639937 2.987604 1813
-0.627555 0.082782 1.221428 1814
0.863752 3.720427 2.503917 1815
0.195581 1.458382 2.980687 1816
0.896404 3.782411 2.443237 1817
-0.297557 0.518747 2.954704 1818
0.000097 1.137147 3.000000 1819
-0.259774 2.439715 1.034330 1820
-0.689493 4.366345 1.275708 1821
0.345701 2.895377 2.938345 1822
0.979637 2.106450 2.200779 1823
0.999616 4.066350 2.027728 1824
-0.906991 3.476361 2.421149 1825
-0.934494 2.206492 1.644020 1826
-0.789681 2.353462 1.386482 1827
-0.990615 4.407114 2.136683 1828
0.377142 3.225601 2.926156 1829
0.777514 0.731159 2.628866 1830
-0.997464 1.061931 2.071170 1831
-0.251335 0.629838 1.032100 1832
-0.762788 2.680477 1.353351 1833
-0.322816 4.199288 1.053538 1834
0.110009 1.199536 2.993931 1835
0.299364 0.111658 2.954139 1836
-0.817565 0.741677 2.575836 1837
0.718307 2.378455 2.695727 1838
0.545125 4.390126 2.838355 1839
0.521914 4.316050 2.852998 1840
-0.997544 4.980649 2.070048 1841
0.969233 3.786601 2.246146 1842
0.470883 4.428808 2.882196 1843
-0.999993 1.843425 1.996393 1844
0.105360 3.579774 2.994434 1845
0.125491 1.428566 2.992095 1846
-0.967781 3.947403 1.748208 1847
-0.213205 1.027105 1.022993 1848
0.815053 2.149245 2.579386 1849
0.948684 3.144194 2.316224 1850
0.830874 2.796745 2.556460 1851
0.708815 1.231719 2.705394 1852
-0.405417 3.282620 1.085868 1853
0.800833 0.661601 2.598888 1854
-0.972730 2.567047 2.231939 1855
0.298624 1.369996 2.954371 1856
0.506346 2.936733 2.862331 1857
-0.976359 1.342182 1.783845 1858
-0.850160 3.921374 2.526525 1859
-0.272884 0.743068 1.037953 1860
0.016344 3.866462 2.999866 1861
-0.984161 2.599552 1.822721 1862
-0.263454 2.933578 1.035328 1863
-0.920713 2.594896 2.390242 1864
-0.535213 0.702841 1.155283 1865
-0.924578 1.579597 1.619008 1866
-0.216383 4.306395 2.976309 1867
-0.961734 2.167244 1.726015 1868
0.719879 0.297350 2.694100 1869
-0.204919 4.429306 1.021221 1870
0.602069 1.279923 2.798444 1871
-0.869736 1.437751 1.506483 1872
-0.968539 1.119713 2.248862 1873
0.721571 2.956111 2.692340 1874
0.989312 2.821653 2.145817 1875
0.209110 4.329737 2.977892 1876
-0.135934 1.098247 1.009282 1877
-0.231157 1.506190 1.027083 1878
0.476040 2.935277 2.879424 1879
-0.194199 4.510244 1.019038 1880
-0.998068 2.618728 1.937876 1881
0.966637 3.343753 2.256149 1882
-0.950825 3.384406 2.309728 1883
-0.278143 4.764616 2.960540 1884
0.527714 3.119679 2.849422 1885
0.652788 2.289499 2.757541 1886
0.935298 3.238822 2.353860 1887
0.999388 4.894334 2.034976 1888
-0.838942 2.107244 1.455780 1889
0.996489 4.878936 2.083724 1890
-0.543992 2.593037 1.160910 1891
-0.090394 2.714478 2.995906 1892
-0.966026 1.895627 1.741556 1893
-0.148125 4.245849 1.011031 1894
0.742790 2.727900 2.669524 1895
0.719364 4.075750 2.694633 1896
0.093808 2.428745 2.995590 1897
0.990430 0.580970 2.138015 1898
-0.114222 0.717160 2.993455 1899
0.991802 3.923428 2.127781 1900
-0.826196 1.344678 1.436617 1901
-0.003625 2.783778 1.000007 1902
0.868074 0.678530 2.496435 1903
-0.978517 2.122694 2.206165 1904
0.811121 0.288164 2.584878 1905
0.109595 3.984082 2.993976 1906
0.804970 2.797553 2.593316 1907
0.495487 3.856798 2.868615 1908
-0.293500 4.975071 2.955959 1909
0.803974 0.447806 2.594665 1910
0.421260 3.606646 2.906940 1911
-0.334969 4.986626 1.057771 1912
-0.268873 0.540443 2.963176 1913
-0.743623 2.283789 2.668599 1914
0.905702 0.665259 2.423914 1915
0.994777 3.519193 2.102076 1916
0.730467 1.531361 2.682948 1917
-0.668880 0.321600 1.256630 1918
-0.539191 0.868871 1.157816 1919
0.636251 0.962507 2.771482 1920
-0.040963 3.351759 1.000839 1921
-0.977238 1.935318 1.787855 1922
-0.569732 0.351341 1.178170 1923
-0.636084 3.405243 2.771620 1924
-0.693670 4.280766 2.720293 1925
0.214162 0.485489 2.976798 1926
0.959047 1.959310 2.283249 1927
0.327774 1.879765 2.944756 1928
0.638896 2.577590 2.769293 1929
-0.380841 4.471332 1.075359 1930
0.835949 3.209105 2.548808 1931
0.997993 1.016380 2.063317 1932
-0.170493 0.344409 2.985359 1933
-0.988670 4.000725 1.849893 1934
-0.498128 2.115295 1.132897 1935
-0.941577 4.461584 2.336799 1936
0.739554 4.959538 2.673097 1937
0.078352 2.004381 2.996926 1938
0.453730 1.703444 2.891139 1939
0.999213 1.583704 2.039678 1940
-0.295108 1.821438 2.955464 1941
-0.996868 3.078662 2.079079 1942
0.920844 2.987260 2.389930 1943
-0.886377 3.426192 1.537036 1944
-0.142293 4.869103 1.010175 1945
-0.974389 1.401634 1.775130 1946
-0.855999 0.869841 1.483023 1947
0.436133 4.609545 2.899882 1948
0.603941 1.301222 2.797029 1949
0.324450 1.875308 2.945903 1950
-0.975450 3.223711 1.779780 1951
-0.105363 1.582342 1.005566 1952
-0.990324 0.962080 2.138777 1953
-0.842448 1.165864 2.538778 1954
-0.656382 1.099216 1.245572 1955
-0.803167 0.397192 1.404246 1956
-0.999970 0.619370 1.992273 1957
-0.999793 2.687922 1.979663 1958
-0.748102 3.444313 1.336416 1959
-0.138697 3.600596 1.009665 1960
-0.662225 4.694009 2.749305 1961
-0.757946 0.041119 1.347683 1962
-0.993015 2.908411 2.117984 1963
0.126817 2.781734 2.991926 1964
-0.999635 3.446887 2.027020 1965
-0.116057 3.804764 2.993243 1966
-0.287129 4.121460 1.042108 1967
-0.664840 2.638464 2.746985 1968
0.909473 1.707570 2.415763 1969
-0.999430 0.341439 1.966231 1970
-0.754912 1.320205 2.655826 1971
0.502621 4.970841 2.864507 1972
-0.962443 1.927228 1.728517 1973
0.948729 3.931252 2.316089 1974
-0.168256 4.348054 1.014257 1975
0.558219 0.425978 2.829694 1976
0.725351 2.418544 2.688379 1977
-0.991029 4.222755 2.133644 1978
0.999999 2.329198 2.001075 1979
-0.010836 2.996181 2.999941 1980
0.270988 1.040775 2.962583 1981
0.978066 2.585286 2.208295 1982
0.903694 0.790038 2.428179 1983
-0.353463 3.721891 2.935448 1984
-0.759715 2.445385 1.349744 1985
-0.573010 3.248220 1.180452 1986
0.994357 0.208777 2.106088 1987
-0.959620 1.674080 1.718700 1988
-0.656552 2.166781 1.245719 1989
-0.957712 0.492954 1.712271 1990
-0.210017 3.404614 1.022302 1991
-0.998819 0.135616 2.048592 1992
-0.937146 1.604241 1.651062 1993
-0.054790 0.262400 2.998498 1994
-0.519729 1.847788 1.145669 1995
-0.065506 1.919380 2.997852 1996
0.960979 1.679388 2.276622 1997
-0.970414 4.453449 1.758553 1998
-0.195640 1.190687 1.019324 1999
