52.588287 -8.457119 1.96503 2.8804197 13.836378
51.459553 -9.281397 3.046732 1.879506 13.551218
50.389 -9.29835 4.0340676 1.9946219 13.198922
48.56983 -9.084397 5.5587125 2.4697375 12.448366
44.79551 -9.061838 8.47826 2.54701 10.251547
42.002495 -10.730036 10.247737 0.98150814 7.9215465
39.158348 -11.46683 11.63356 0.94915694 5.5190277
37.80706 -11.660383 12.154709 1.1109868 4.326112
37.500877 -11.644629 12.227536 1.0210431 4.017415
37.06505 -11.560629 12.310969 1.0981293 3.6221075
34.832474 -11.71926 12.454171 0.90398616 1.4496024
32.56452 -11.863697 12.438531 0.7303654 -0.7916652
31.699028 -11.716952 12.303742 0.7962929 -1.6287942
30.359648 -11.478856 11.815339 0.91503835 -2.6476965
24.58147 -10.771774 9.341089 1.0171417 -6.5794907
20.995163 -10.430883 7.3586802 0.97502005 -8.874657
19.065441 -10.244734 5.6588354 1.0023761 -9.774302
16.195515 -10.107671 3.088929 0.6067988 -10.748513
14.937905 -10.111097 1.8868545 0.53375673 -10.8135395
10.506176 -10.318687 -2.311383 0.4637269 -10.132463
7.792999 -10.495905 -4.720977 0.40688893 -9.243908
4.834202 -10.699244 -6.840388 0.3482151 -7.3701644
2.9323545 -10.734536 -8.042436 0.35960305 -5.9969006
1.9668367 -10.662946 -8.403342 0.48800886 -5.170109
-1.6160371 -10.6091 -9.111784 0.8527817 -1.9257871
-4.648037 -10.540408 -8.961592 1.0485951 0.8080734
-9.184901 -10.364854 -7.2407866 1.781453 4.328041
-12.1649685 -10.267272 -5.7943354 2.5585086 6.3169975
-12.718296 -10.137667 -5.3919673 2.4601047 6.6040177
-13.500132 -10.054185 -4.725428 2.1083467 6.950907
-14.418497 -10.098088 -3.9451249 1.912525 7.2938
-16.288628 -10.153947 -2.234617 1.6823926 7.649511
-18.725996 -10.126311 0.0734676 1.6290693 7.681285
-20.008234 -10.040924 1.2683891 1.6946113 7.5507402
-20.473396 -10.060409 1.6685797 1.6495501 7.3882165
-21.771015 -10.321748 2.718669 1.327965 6.7440047
-25.479485 -10.851831 4.9123893 1.2665244 4.4819236
-27.539864 -11.128933 5.950892 1.2718822 2.896856
-28.503313 -11.315578 6.148001 1.2269897 1.8593996
-30.200384 -11.6126375 6.215507 1.2119273 0.009761665
-31.703684 -11.615578 5.8044977 1.317323 -1.3258097
-33.496067 -11.65651 4.8722415 1.2313727 -2.803384
-35.03407 -11.819931 3.7485723 0.93089426 -3.8174684
-36.944756 -12.099537 2.0591545 0.5743759 -4.5412054
-38.125965 -11.817063 1.209158 0.860671 -4.7413516