53.874065 5.612871 1.0601636 14.954175 14.015422
52.830036 5.6078324 2.0237312 15.022615 13.793564
51.19636 5.535755 3.5658588 14.936299 13.377167
50.093613 6.022545 4.649172 15.852193 12.94462
48.69312 5.4729457 5.887817 15.150421 12.329297
47.37689 5.236681 6.959514 14.622967 11.618506
45.91924 4.9455395 8.067117 13.445286 10.805473
45.402054 4.8974814 8.357774 13.352313 10.540148
44.424366 4.8507853 8.973257 13.784874 9.939161
43.886375 4.8060484 9.322355 13.939595 9.545729
42.79697 4.734401 9.929142 13.955675 8.717953
38.403347 4.8382607 11.336593 14.084997 4.8903117
33.034855 4.888426 12.4216 14.663792 0.09104932
32.134525 4.761138 12.442908 14.67155 -0.7442194
31.353718 4.6204605 12.207871 14.56413 -1.4545935
25.61249 4.2532454 10.00484 14.154074 -6.271562
23.828585 3.5215468 8.933296 13.589536 -7.7280946
22.882626 3.3404918 8.244166 13.499762 -8.348727
21.448372 3.2378044 7.1453986 13.336915 -9.149288
19.924494 3.209492 5.8837132 13.188798 -9.865537
19.041704 3.1646163 5.1211805 13.098289 -10.231475
17.218836 2.8916364 3.4777954 13.037223 -10.666704
15.463449 2.6654987 1.8431606 12.943992 -10.9787655
14.242761 2.6148162 0.6332624 12.983873 -10.96917
12.731566 2.5202026 -0.8596143 13.122639 -10.8280115
10.791104 2.5067434 -2.5933344 13.466887 -10.238503
7.452212 2.4562585 -5.2612495 13.7647505 -8.936423
6.4269753 2.341953 -5.960355 13.573187 -8.458272
5.884056 2.215992 -6.275098 13.276974 -8.213978
5.279735 2.1038575 -6.564445 12.95052 -7.898516
3.500531 2.059566 -7.3609147 12.696522 -6.8174586
0.786603 1.9338071 -8.535253 12.532605 -4.859021
-0.3955922 2.2139213 -8.892256 12.68713 -3.8611383
-2.3356156 3.0047514 -9.284926 13.120131 -2.041982
-3.5007215 3.4219556 -9.440966 13.346278 -0.9383187
-4.782376 3.5011506 -9.237688 13.340227 0.2655337
-7.5167823 3.3646548 -8.450056 13.245142 2.7602599
-9.360057 2.9886172 -7.5994916 13.072864 4.3469243
-11.033586 2.5046327 -6.5185027 12.795254 5.636362
-12.855092 2.8682406 -5.053374 13.013196 6.712523
-14.306402 3.444238 -3.7772956 13.427016 7.3714166
-15.392632 3.7863307 -2.7693217 13.79454 7.672737
-16.348623 3.973233 -1.8727407 13.981103 7.763545
-19.755922 4.7987204 1.1957481 14.470676 7.409373
-20.869694 5.0798206 2.199469 14.670841 7.2170877
-20.920414 5.328854 2.2924917 15.005386 7.153579
-22.484789 5.9965887 3.613186 15.594909 6.2688427
-23.45247 6.2705793 4.349711 15.728604 5.704567
-24.324968 6.282829 4.8907995 15.640849 5.077737
-25.397573 6.4785037 5.4416156 15.894154 4.2510695
-26.071274 6.6884236 5.708241 16.231619 3.759759
-26.662466 6.878431 5.903137 16.594975 3.3135142
-27.280605 6.9101987 6.0781302 16.592869 2.7612305
-28.442905 7.079031 6.206225 16.685251 1.7433689
-30.130947 7.3368077 6.2777348 16.68652 0.12068474
-30.301302 7.3098154 6.247938 16.564466 -0.10475868
-31.499416 7.541649 5.9213495 16.761208 -1.0972747
-33.04355 7.379966 5.2587333 16.878466 -2.1968522
-36.101433 6.0725946 3.1949737 16.41585 -4.132986
-37.061207 5.6294284 2.4853563 16.045204 -4.5666633
-37.428486 5.5899034 2.1894968 15.9190235 -4.648452
-37.91789 5.5534267 1.7077287 15.945566 -4.7186084
-38.92101 4.875224 0.78521127 15.426484 -4.793914
-39.23595 4.518221 0.51184076 15.046175 -4.7827115