52.11835 9.3252945 2.8290372 19.695642 13.50886
48.885807 9.921504 5.7128797 20.279062 12.358157
47.217316 10.008402 7.0654144 20.364096 11.54995
45.642582 9.921954 8.247346 20.523077 10.543986
44.150818 9.682717 9.304779 20.378345 9.531354
42.831654 9.458989 10.080313 20.166826 8.516374
40.867996 9.189934 10.946633 19.938147 6.8872423
32.817623 9.97138 11.194836 20.028162 0.18403481
26.344067 10.748617 10.8826885 20.198086 -5.1556544
25.76237 10.721918 10.618426 20.177223 -5.6170726
23.476898 10.744042 9.3369255 20.23867 -7.271806
21.3885 10.661918 7.753866 20.307444 -8.425961
16.431385 10.642382 3.50797 20.735392 -10.328257
14.004628 10.61908 1.3089669 20.854763 -10.98027
13.214832 10.5763855 0.54635745 20.863703 -11.002194
12.579306 10.460365 -0.040911876 20.78046 -10.872172
8.648141 10.0141115 -3.6664696 20.316545 -9.707279
7.5284176 9.814235 -4.664741 20.080423 -9.237988
5.6226006 9.93259 -5.9617524 20.056892 -8.078671
0.6851739 10.108938 -8.599824 19.93337 -4.404984
-0.9250547 9.506603 -9.190408 19.320995 -3.1335797
-1.651106 9.093331 -9.31921 18.986473 -2.440771
-2.5297961 8.939537 -9.407175 18.781378 -1.6014546
-3.771904 8.865495 -9.425809 18.654758 -0.49805942
-4.8428926 8.80417 -9.323817 18.646503 0.5289641
-5.634414 8.854102 -9.106401 18.714998 1.2321137
-9.2472725 9.17006 -7.7059536 18.591928 4.0303907
-12.841803 9.166718 -5.43095 18.603428 6.158496
-15.794035 9.149954 -2.9784095 18.87132 7.296006
-18.791529 9.173369 -0.28518328 19.001118 7.7114763
-20.245941 9.208876 1.1366713 18.97646 7.516068
-21.116077 9.278106 1.9729004 18.98018 7.2179794
-23.428606 9.543784 3.5942082 19.447834 5.7773714
-27.940296 9.702362 5.904719 20.085567 2.3117683
-30.217392 9.616572 6.1834707 20.201864 0.22111407
-31.402454 9.557228 6.026503 20.141035 -0.90812606
-33.007854 9.658634 5.1325097 20.209038 -2.1310017
-36.063545 9.956512 3.150849 20.489986 -4.2810726
-36.58313 9.930651 2.6160426 20.364569 -4.500906
-37.819443 10.039109 1.377569 20.373354 -4.731131