3 2000
-6.752972 6.967643 5.544256 0
5.600684 22.194967 12.521035 1
5.958756 26.669770 -9.880516 2
-7.367254 25.794229 -7.035757 3
-9.106915 17.911824 -3.631314 4
4.059989 19.642564 -10.610804 5
0.225511 27.450420 -4.754440 6
10.727373 12.995492 -5.570399 7
8.553120 8.692823 10.377302 8
0.374168 18.956469 -4.775939 9
12.442336 8.862655 -1.023098 10
9.707277 18.660864 -6.959632 11
0.380705 1.426026 14.105046 12
5.755962 29.838297 3.728355 13
9.200461 6.202924 9.713171 14
-2.479771 18.220919 -10.473531 15
4.777718 10.428910 -3.117776 16
4.172512 21.532112 5.916424 17
9.446901 0.839799 -7.255248 18
11.883526 2.005253 -3.189632 19
4.737751 27.811924 -3.160091 20
-8.771035 2.633153 2.569859 21
5.967363 9.971957 3.212210 22
8.926469 15.785427 10.005576 23
0.945668 7.399264 7.673306 24
12.462915 16.286984 2.894171 25
4.572809 23.426036 5.511340 26
11.850830 15.656471 5.314540 27
6.352806 27.958498 1.311500 28
9.086421 4.413359 -7.633965 29
1.474473 12.502971 -4.789216 30
-2.446939 8.408786 -10.484539 31
-8.123291 17.943010 -5.925841 32
-3.262048 1.094246 7.588549 33
6.097453 1.910595 2.814336 34
11.272684 9.686475 -4.608402 35
5.961874 2.951356 -1.208680 36
-9.273681 5.101339 0.952302 37
0.583750 11.134914 -4.798077 38
6.357167 1.192849 1.209302 39
-9.195762 21.277229 1.288379 40
12.599076 19.240241 0.581394 41
5.866682 5.221826 -1.444170 42
6.726940 1.864558 -9.466714 43
2.558810 12.199783 -10.930017 44
1.608917 13.891888 -4.773629 45
-9.268415 6.080229 0.976943 46
3.694081 26.086497 13.366454 47
5.034944 17.938211 -2.822736 48
7.738692 0.690406 -8.797787 49
-2.811191 26.982793 -10.355715 50
-6.509558 13.588383 -7.998243 51
-9.411002 1.740785 0.122185 52
-8.075538 3.188081 -6.006271 53
-6.719668 29.952759 5.576341 54
3.575105 25.989822 -4.088228 55
2.921336 18.456174 6.854542 56
-8.377577 0.808335 -5.465634 57
-3.300726 9.675679 -10.158635 58
8.186762 13.913287 10.715189 59
2.896827 2.970517 13.623058 60
4.319482 17.129644 -3.555374 61
-0.508735 9.776253 -10.937269 62
-5.887275 13.514770 -8.565194 63
-8.900003 17.335314 2.241861 64
-1.729952 2.245329 7.882423 65
-8.952131 1.720280 2.097666 66
0.452907 9.028693 -11.027326 67
5.106971 15.651637 12.773773 68
4.132765 16.856407 -3.707402 69
11.549266 7.246643 -4.026191 70
-6.741936 27.381605 -7.760880 71
9.799350 24.772028 9.006624 72
4.618678 13.336377 -3.281131 73
2.754864 29.461877 6.950587 74
2.429180 17.348027 -4.596138 75
-9.456523 7.032705 -0.368112 76
9.783040 24.317713 -6.869794 77
3.371751 13.538225 6.564128 78
5.816793 7.499075 3.591758 79
0.150898 28.663126 7.833267 80
-8.126173 4.279510 3.831559 81
7.209959 15.376902 -9.166270 82
-9.476667 29.157754 -0.885506 83
-3.718740 19.449619 7.439878 84
10.300042 18.440130 8.329189 85
4.441460 14.089511 13.076010 86
-3.764920 17.333421 -9.944863 87
5.642192 27.339397 -1.910125 88
-4.639662 11.286609 -9.463603 89
-3.756324 6.862943 7.426317 90
1.165115 12.705746 14.005792 91
3.147279 8.207887 6.714673 92
4.137488 13.336975 -10.588417 93
-9.224413 18.825451 -3.178234 94
6.329971 16.039238 1.617486 95
2.387141 11.563265 -10.953049 96
2.375065 26.203503 -4.612325 97
6.360410 9.010462 1.075146 98
2.145339 12.000891 -4.673861 99
11.534029 15.531705 6.112731 100
12.603860 1.854741 0.768449 101
5.227578 6.941017 -2.571853 102
-5.699480 3.554580 6.414061 103
5.294532 2.963401 -2.477499 104
-7.860232 26.708264 -6.349197 105
6.271448 1.001672 12.135463 106
4.728506 25.171050 5.334837 107
1.339164 15.218002 13.977646 108
-1.238609 3.411493 7.912899 109
6.164796 14.713370 2.566420 110
-0.086935 17.983252 -10.987318 111
3.451853 2.706484 13.450064 112
-4.260206 29.346721 -9.685678 113
2.993812 19.590563 -4.387043 114
-3.043342 13.833964 7.649466 115
6.279225 25.912743 -0.024568 116
5.653273 7.884872 3.942335 117
2.458776 24.718888 -4.587009 118
10.558122 9.869259 7.941221 119
11.331272 28.239016 -4.491512 120
-3.005902 7.323242 7.659242 121
12.553408 28.713305 -0.151286 122
8.652421 15.324749 -8.048587 123
-4.333221 16.937396 -9.644589 124
-4.566050 29.811484 7.082321 125
-1.960590 23.129518 7.857598 126
4.123033 9.414058 -3.714959 127
-0.623157 1.736179 7.908105 128
-8.861778 1.322214 -4.376323 129
-8.434300 24.388319 3.289137 130
-2.144127 12.362198 -10.580569 131
-9.474756 11.524895 -1.213955 132
12.192018 15.693796 -2.195823 133
4.463986 26.764469 -3.427945 134
-8.556790 12.177619 3.046040 135
-6.805767 18.131667 -7.692911 136
6.355876 2.844107 1.243854 137
-5.218283 10.079438 -9.081576 138
2.446059 4.345255 -4.590956 139
-7.664074 7.346416 -6.637085 140
12.605700 11.369150 1.073186 141
-9.422164 8.109588 0.024334 142
-7.428491 6.467979 4.810593 143
6.033163 19.011933 -1.010598 144
1.311363 23.991467 -4.803117 145
8.884421 6.255421 -7.832206 146
11.471326 26.887686 -4.198507 147
2.738662 22.371284 6.959630 148
5.129515 16.091574 -2.703155 149
-3.162778 29.098956 7.617009 150
12.513566 16.946495 -0.523900 151
12.605929 6.530697 1.005249 152
-0.147821 25.732899 -10.981119 153
5.049060 25.859980 12.801787 154
6.947262 9.399066 11.692927 155
5.043574 9.809526 -2.812093 156
-1.865288 25.200402 -10.660396 157
-9.092991 14.775984 1.663268 158
3.132435 1.557075 -4.323924 159
10.818024 23.340551 7.517732 160
-9.395470 12.800172 0.245328 161
9.991858 8.398856 -6.612501 162
2.845063 10.005240 -4.449453 163
4.451066 11.008199 5.641498 164
-1.589014 23.843772 -10.731569 165
5.683994 1.160724 -1.830830 166
-2.810775 21.800080 -10.355870 167
-3.898764 26.180534 7.373044 168
9.586297 8.574443 -7.099446 169
-1.404291 19.705478 -10.774849 170
-3.642450 6.956599 7.466776 171
2.328731 18.658618 7.171372 172
-0.507577 2.253713 7.901843 173
9.252652 29.002676 9.655432 174
-8.257810 18.299099 3.610481 175
-7.609940 11.511455 4.581854 176
-8.167602 0.917093 3.763528 177
6.717400 25.726968 11.849927 178
5.966108 18.106296 3.215674 179
11.660209 25.435212 5.812933 180
0.912463 15.138487 -4.813998 181
-0.629772 0.237325 7.908411 182
9.610785 27.572195 -7.071498 183
-0.708042 12.321144 7.911618 184
-4.596674 21.970972 -9.489842 185
-8.115881 4.533158 3.848250 186
0.459824 24.456998 -4.786131 187
-6.160972 27.288076 -8.327240 188
-5.977594 23.338274 -8.488525 189
-1.753375 22.713694 -10.690166 190
-0.701778 12.155926 7.911390 191
-9.342963 21.057032 0.590822 192
3.679668 16.963828 -10.712076 193
11.393740 17.542091 6.423555 194
2.594368 10.347438 -4.542656 195
4.510678 21.126997 -3.384810 196
-1.717102 4.825910 -10.699540 197
9.464111 0.045418 -7.236309 198
1.588054 16.860026 13.933476 199
5.451806 16.394524 -2.238685 200
-2.357294 16.524833 7.799039 201
0.997837 20.836103 -11.040708 202
-3.213011 27.824823 7.602777 203
12.335818 28.326309 3.599671 204
2.836262 27.097900 6.904345 205
5.680609 18.123189 -1.837361 206
0.622961 27.786293 -11.034400 207
6.245902 3.508388 2.199026 208
12.195384 10.224045 4.198781 209
8.428569 1.101913 -8.246676 210
-6.281688 16.151096 5.968395 211
0.010267 22.116864 -4.714556 212
6.040774 5.436675 -0.988087 213
3.878783 12.787400 6.176249 214
12.066795 2.945039 4.658490 215
-6.001216 9.096647 -8.468178 216
0.883954 23.403678 7.688874 217
3.296091 16.108813 6.616216 218
-7.227162 23.072143 5.047265 219
10.421224 19.168309 8.150711 220
8.712761 26.794447 10.221924 221
-9.462874 1.820712 -0.472402 222
-3.826769 5.273146 -9.914303 223
5.465981 12.489956 -10.108058 224
1.103444 22.193755 -4.812890 225
-7.707857 26.788644 -6.574656 226
2.187366 0.775599 -4.663462 227
-6.478312 4.126891 5.799007 228
-8.702202 12.722623 2.731025 229
1.042519 22.937003 -4.814064 230
3.065344 15.733116 -4.355080 231
8.815856 22.634441 10.118783 232
-9.246287 5.093953 -3.082490 233
-2.533975 20.181810 7.766433 234
-2.316810 18.559582 7.805941 235
6.075395 0.205383 -0.881780 236
6.043466 22.206766 -0.980057 237
-1.314223 29.752064 7.910189 238
-0.195478 3.845441 7.876369 239
10.818404 10.817483 -5.423350 240
-9.227261 5.732198 1.159265 241
-8.597138 21.431930 2.961755 242
5.621090 5.336010 -1.949073 243
11.466489 29.605462 6.265082 244
0.822498 0.509974 -11.039345 245
12.581719 1.193894 0.216584 246
-1.044025 24.129916 -10.849526 247
2.111812 25.793769 13.825228 248
2.640475 16.987576 13.694454 249
4.992048 22.623380 5.006467 250
-4.095582 15.585443 -9.775551 251
6.347148 17.577134 -9.680674 252
-9.406135 5.721991 0.162219 253
12.568409 15.103244 1.969796 254
6.342396 1.527439 1.475435 255
5.416302 1.682872 -2.294885 256
0.124609 10.055922 -4.737049 257
6.102604 18.927143 -0.793185 258
-9.245926 26.759334 -3.084108 259
-9.477203 20.201899 -0.952992 260
-3.918915 20.558011 7.365266 261
1.624609 20.872344 7.464954 262
0.159002 23.994943 -4.743234 263
12.216123 19.818155 -2.103302 264
-2.822880 15.598098 -10.351334 265
-7.899237 9.952092 4.181854 266
5.227391 28.025181 4.674864 267
11.798028 7.394308 -3.421405 268
12.429585 15.336191 -1.099629 269
12.543355 22.209537 2.253053 270
-8.685360 7.625056 2.769188 271
3.779330 25.367543 13.335828 272
12.605810 16.144633 0.941589 273
3.677887 27.304084 -4.025538 274
5.455279 10.521192 4.308845 275
12.281038 28.059746 -1.837983 276
-5.389719 27.831584 6.620824 277
-8.652086 17.631011 2.843222 278
6.033646 3.052864 12.277974 279
4.471788 11.006278 13.063155 280
9.555452 8.275366 -7.134400 281
-7.729651 7.982925 -6.543202 282
9.501910 6.796159 9.369997 283
-9.373038 0.039623 0.403745 284
6.276899 26.790221 -0.038707 285
0.537792 13.604925 7.766247 286
2.557987 17.352630 7.056929 287
-8.506139 9.468166 -5.208727 288
3.176623 29.820506 -4.302771 289
3.245737 29.516787 -4.268664 290
6.284293 28.936437 0.006984 291
6.484873 19.987957 12.001862 292
12.086144 21.784745 -2.571691 293
4.575697 10.021277 -10.450443 294
3.835100 15.683183 13.315449 295
0.209387 8.200631 14.120787 296
1.653678 21.551371 13.921055 297
6.052269 23.340527 -0.953524 298
5.242888 2.431927 12.706699 299
-9.314416 6.647404 -2.749843 300
3.478377 6.118785 -4.144381 301
1.540680 18.722979 7.494508 302
10.978543 21.756153 7.236877 303
12.578745 25.030926 0.170130 304
0.104797 0.566861 -4.733366 305
-2.651887 6.063529 -10.413877 306
11.789645 14.072789 -3.443381 307
5.188373 11.351855 4.732757 308
3.021056 10.211812 -4.375020 309
4.418239 1.915536 5.675497 310
4.679712 22.840078 -3.220007 311
-9.162400 12.079863 1.417060 312
-6.250397 20.228691 5.994416 313
-3.627542 16.532270 7.471934 314
11.447440 1.543715 6.307122 315
-6.355688 9.224878 5.905851 316
3.321937 28.963343 6.598580 317
2.266282 27.944254 -4.642902 318
5.965072 11.340802 3.218529 319
5.402158 18.530106 4.398839 320
1.358138 16.876002 -4.799692 321
3.735501 24.916821 -10.698095 322
0.344001 28.730962 -4.771969 323
-5.251356 2.265170 -9.058032 324
-5.543360 26.640732 6.520721 325
5.040526 16.873419 4.941429 326
-1.450007 5.830654 -10.764456 327
0.948909 6.643584 7.672473 328
4.715842 21.172891 -3.182918 329
-9.216802 17.902843 -3.210540 330
6.265356 17.588882 -0.106088 331
11.611596 29.054824 5.930936 332
-0.021723 17.452303 -10.993577 333
12.585224 2.994009 1.719698 334
9.356680 4.998085 -7.353209 335
11.941270 3.062814 -3.024392 336
-3.336063 4.387413 -10.143305 337
4.572794 20.146943 -10.451422 338
2.305933 19.195595 -10.963002 339
0.901122 11.173064 7.684597 340
-9.293720 4.886189 -2.857379 341
12.039460 11.685564 4.748475 342
2.569752 23.999297 -4.551019 343
-9.428488 11.993811 -0.035614 344
-7.084271 22.653573 5.205411 345
10.384759 8.856312 8.205081 346
-3.590820 19.200177 -10.028225 347
2.225178 26.553515 13.799027 348
-7.103757 6.289300 -7.358258 349
12.605282 14.410695 0.869006 350
-8.739275 3.389627 2.645294 351
-8.969709 3.971089 -4.072627 352
6.356483 1.920068 0.748540 353
-3.195700 2.378922 -10.203305 354
4.716306 18.808625 12.956354 355
-9.248876 12.340019 -3.070853 356
-9.062762 19.157691 1.762986 357
11.350334 25.696709 -4.452791 358
4.283370 22.907251 -3.585850 359
11.733086 29.284809 5.629550 360
0.173330 23.446117 -4.745732 361
-9.477213 28.067496 -1.033858 362
1.232349 22.174565 -11.038179 363
-8.176951 7.608593 -5.833365 364
-9.032356 21.577509 1.859388 365
0.932127 20.805378 7.676768 366
-5.976740 23.199569 -8.489259 367
9.724382 22.416513 9.100706 368
1.658800 9.551510 -11.020830 369
6.561255 15.312929 11.952699 370
4.539274 23.191994 -3.357898 371
-9.477292 17.184466 -0.988682 372
4.953083 28.615510 -2.921164 373
-8.968530 5.147169 -4.076124 374
2.318813 27.217053 -10.961464 375
6.001618 22.566583 -1.100943 376
10.415258 8.585257 -6.041653 377
-4.919019 18.822310 6.899352 378
10.784506 13.884838 7.574410 379
1.865384 3.883177 7.373924 380
2.877426 16.481540 -4.436334 381
5.958318 29.085280 3.237044 382
3.865826 13.264215 -3.902463 383
6.160469 17.728918 12.202789 384
0.747904 3.329107 -4.808867 385
5.111259 5.995569 -2.726756 386
0.563559 4.888923 -4.796355 387
6.027184 1.106323 3.039634 388
0.518130 8.181740 -4.792162 389
-2.436292 6.904008 -10.488083 390
-9.462281 10.756341 -1.528337 391
5.172838 4.030281 4.755462 392
6.326605 29.957838 1.650736 393
4.207312 15.405626 -3.648332 394
-2.659127 11.635389 7.740875 395
0.351187 7.495583 -4.772933 396
-5.892669 10.942573 -8.560665 397
-9.042893 11.971726 1.826396 398
1.793045 27.789023 7.402261 399
7.847974 14.864188 -8.716058 400
12.602785 18.275610 0.715331 401
4.452275 0.144254 5.640237 402
-9.473033 17.631863 -1.278877 403
-7.823753 23.323873 4.290832 404
-0.588104 19.715496 7.906386 405
12.602207 15.849441 0.690580 406
2.295019 24.773195 13.782388 407
-3.927061 28.873013 -9.863673 408
6.360105 9.412094 0.881247 409
5.381893 23.912552 -2.348027 410
-7.421836 8.555274 -6.965451 411
0.352958 0.446846 7.800785 412
4.171230 2.824493 5.917621 413
-8.809274 9.861691 -4.513584 414
6.359155 9.166990 0.834842 415
1.235316 0.540664 -11.038115 416
2.624301 4.866222 -4.532299 417
1.588018 13.319684 -4.776297 418
3.165567 23.003101 6.702852 419
3.626455 20.437678 -4.057305 420
10.637087 21.436102 7.816301 421
12.592294 13.793426 1.583456 422
-4.681065 27.578052 7.025022 423
6.305386 29.668303 0.151484 424
-6.951961 27.978033 5.345183 425
-6.080109 13.845700 6.131732 426
6.397324 27.147665 -9.653481 427
-5.433731 11.593550 6.592630 428
6.003361 18.090497 12.295655 429
9.815832 16.809570 8.985704 430
6.047241 25.375193 12.270003 431
-0.949696 8.544149 7.916613 432
2.942168 19.899555 6.842113 433
11.450732 18.067745 6.299886 434
6.140735 19.693888 2.659450 435
5.610804 9.298023 -1.967807 436
-9.438898 9.949314 -1.848174 437
10.301498 5.645920 8.327080 438
-5.162456 3.020502 6.760443 439
6.036548 8.596919 3.011169 440
3.686357 10.644787 -4.020230 441
7.966923 16.072851 10.906305 442
-5.879834 29.724989 -8.571431 443
-3.343432 0.845342 7.564202 444
-0.179547 21.285960 -10.977752 445
11.274427 27.154711 -4.604970 446
-0.011757 25.974881 7.855469 447
2.726146 3.575080 -10.904952 448
6.230871 28.658256 2.275301 449
5.215597 13.227024 12.720317 450
4.716268 26.272807 -10.402010 451
6.285430 25.948549 0.014213 452
-7.624280 10.654517 4.563097 453
-3.332253 18.934393 -10.144965 454
8.263518 25.936478 10.646460 455
-9.332897 0.629752 -2.647758 456
-3.926173 2.304608 -9.864127 457
1.480003 11.301433 -11.030107 458
8.883259 4.475810 10.050118 459
6.100604 1.022907 -0.799863 460
-5.382340 23.467491 6.625513 461
1.495585 9.817352 7.509933 462
2.856376 24.524290 -10.883651 463
11.238189 5.208572 6.744966 464
-9.300787 20.283532 0.819877 465
11.895749 26.268014 -3.155280 466
0.505761 22.714664 7.772566 467
-8.821512 6.888771 -4.482135 468
-4.181147 10.768309 7.258468 469
10.877019 10.894923 7.416368 470
0.986297 8.023293 -11.040704 471
12.506299 10.119083 -0.582267 472
4.951674 2.608819 -2.922818 473
3.584792 13.546790 6.409700 474
9.729241 13.639921 -6.933773 475
6.030630 0.871065 3.029210 476
1.588255 19.113056 -4.776267 477
-7.295099 1.783764 4.969288 478
7.590988 5.075883 11.214542 479
4.468472 20.540392 5.623286 480
-7.981232 16.637019 -6.160273 481
-1.981590 0.181075 7.855003 482
1.242622 8.642555 -4.807334 483
-9.428655 11.298347 -0.037251 484
12.484652 4.394791 -0.744338 485
4.612296 2.236008 5.467685 486
2.156215 13.822286 -4.671206 487
5.137379 11.111831 4.806578 488
-0.611552 24.736726 -10.922536 489
0.289003 16.126070 7.811658 490
-0.737948 24.525482 -10.903050 491
0.591094 13.811425 -4.798682 492
5.346441 0.421014 -10.159055 493
-4.351221 0.149496 7.183544 494
1.561536 4.986804 -4.779549 495
-5.402473 10.978165 6.612693 496
5.169696 21.546314 -10.231542 497
9.046323 4.782709 9.879826 498
2.099081 8.363144 13.828108 499
2.175703 19.348153 13.810584 500
10.909351 8.616124 7.359916 501
12.277088 9.657927 3.866177 502
11.694997 4.662504 -3.683172 503
-8.637734 11.629894 -4.924595 504
-6.249618 26.871994 5.995061 505
5.504732 26.633006 -2.152167 506
-1.232788 11.808400 -10.811990 507
12.323072 20.263732 3.659867 508
3.837989 7.566426 6.210149 509
12.604583 28.499631 0.812567 510
3.327146 18.740465 -4.226859 511
-3.440940 6.208438 7.533818 512
4.172083 3.289655 5.916824 513
6.102072 16.975488 -0.794964 514
-3.516107 8.230002 -10.062814 515
1.224529 2.134958 7.596084 516
5.169226 4.753479 12.743283 517
-9.411546 1.485609 0.117626 518
7.322443 20.426512 -9.091480 519
0.579575 23.452674 -4.797728 520
-5.690544 24.220956 -8.726188 521
-7.623714 7.951608 -6.693758 522
11.954943 26.876982 -2.984123 523
-1.197750 18.239583 -10.819221 524
11.843951 0.432025 5.333653 525
10.516418 10.320862 8.005964 526
6.090359 16.009942 -0.833654 527
6.333708 18.832877 1.578378 528
11.210427 13.402119 -4.729280 529
2.861176 24.333169 -4.442953 530
-4.257275 4.344840 7.225491 531
2.332141 29.244881 7.169741 532
6.911907 25.012802 -9.355532 533
4.736105 10.203035 -3.161815 534
11.294438 18.487172 -4.565367 535
10.740328 9.112685 -5.549758 536
-9.280047 2.676563 -2.925054 537
4.859479 15.645774 5.176678 538
3.336246 24.758746 -4.222075 539
-3.986107 22.917799 -9.833236 540
1.139949 28.429179 -4.811819 541
2.923907 10.006418 -4.417048 542
5.575754 11.692151 -2.030459 543
-8.006225 4.512386 4.021181 544
0.590076 10.011133 -11.033237 545
12.487669 16.610365 2.722718 546
-9.409116 16.508818 0.137868 547
2.295171 4.812631 -4.635036 548
1.401799 3.512684 7.541005 549
-2.515284 11.956513 -10.461490 550
10.956379 24.941490 -5.191043 551
3.008370 5.550036 6.801995 552
-9.402786 15.023573 0.188961 553
12.303654 3.789434 -1.739088 554
-6.443598 25.938854 -8.062885 555
-9.198116 22.999371 -3.287841 556
0.181555 16.930606 7.828690 557
-5.784256 11.687081 6.353980 558
11.367540 14.704130 -4.417541 559
-0.738554 26.607123 7.912657 560
-8.514759 27.151448 3.131533 561
-2.612135 14.951669 7.750712 562
1.348708 15.876809 -11.035077 563
-8.079147 27.291022 -6.000252 564
-1.518356 17.357953 -10.748528 565
-9.308286 23.273553 0.781406 566
-4.877164 19.841839 6.922167 567
-9.005921 14.089717 1.940327 568
3.135532 6.593029 -4.322458 569
-5.740346 18.077692 6.385293 570
3.976520 5.527770 13.262552 571
10.616741 5.925291 -5.743000 572
6.421782 25.859764 -9.640110 573
9.582757 3.769478 -7.103472 574
8.877221 19.367408 -7.839100 575
12.604544 13.119546 1.183928 576
9.910873 18.378152 -6.714026 577
2.783907 22.124472 13.655159 578
4.996704 9.098383 -2.869277 579
-4.708082 1.289031 7.011241 580
-9.323788 25.065226 0.698972 581
4.652436 11.079245 5.422551 582
1.727717 19.840179 -4.756739 583
3.322621 26.871598 13.492632 584
6.171356 8.222972 -9.773436 585
6.012306 29.936954 -1.070846 586
6.010943 25.030601 -1.074711 587
3.996162 23.740311 -10.628793 588
-3.605510 19.698381 7.479499 589
3.582797 16.310191 -4.083646 590
-5.727832 11.600440 6.394141 591
5.909796 24.666963 -1.341057 592
11.603762 17.860035 -3.901295 593
8.236913 23.449240 10.670403 594
0.211516 29.630237 -4.752164 595
-1.691479 23.647614 -10.706080 596
1.239581 25.587627 -11.038022 597
4.848006 14.568385 5.190913 598
12.604698 26.212682 1.173228 599
2.713575 10.015412 6.973527 600
1.243659 6.159503 -4.807278 601
4.307668 14.830712 -3.565403 602
11.555932 0.936269 -4.011115 603
4.672433 24.827232 -10.417334 604
10.781257 7.927723 -5.483927 605
-4.152818 20.324980 -9.744734 606
12.456981 23.815930 -0.931322 607
1.634359 20.455316 -4.770258 608
-5.365519 19.522777 6.636163 609
5.011609 7.120252 4.980414 610
-9.095303 14.322104 1.655472 611
11.731321 28.092578 5.634089 612
3.502950 7.233105 6.470416 613
-6.156501 6.273416 -8.331266 614
1.213438 8.174161 -4.808830 615
6.139068 23.274523 -0.666127 616
12.571628 9.942342 0.068430 617
6.318828 18.092241 1.721812 618
12.525961 5.520446 -0.418694 619
-0.352857 2.623766 7.890784 620
0.462768 9.267461 -11.027808 621
2.466295 6.926352 -4.584659 622
6.924015 27.275612 -9.348089 623
-9.419781 28.106530 0.046008 624
6.928064 0.956365 11.706306 625
2.970788 17.809411 6.824886 626
-3.273399 1.314526 7.585208 627
5.080047 12.747085 -2.766524 628
4.490343 15.647438 13.055248 629
-7.069997 25.210183 5.220790 630
3.940612 18.750890 -3.850302 631
5.206804 7.656140 -10.216609 632
-9.469340 27.140737 -0.606577 633
0.385688 23.019018 7.795007 634
8.626701 16.879965 -8.071867 635
12.587564 26.914606 0.317118 636
4.844031 11.042382 5.195828 637
-9.240578 10.131930 -3.107915 638
-7.218830 18.565661 5.056702 639
6.176614 2.606863 -0.522982 640
-6.058268 11.264926 -8.418517 641
7.531900 5.621432 11.260969 642
4.867630 24.315801 -3.019278 643
10.675943 21.697446 7.753673 644
-8.801538 20.240221 -4.533303 645
-6.770475 27.419443 5.527256 646
6.092898 24.628827 -0.825346 647
5.095769 16.461739 4.865344 648
-7.852608 0.466248 4.249583 649
-9.272815 2.840591 -2.959878 650
-1.607488 15.442749 7.892867 651
10.117680 28.574479 -6.450143 652
11.693367 25.291836 5.730500 653
6.903671 28.050367 -9.360583 654
-5.430905 29.202393 6.594452 655
-5.780634 11.175792 -8.653463 656
-2.565943 9.627021 -10.444074 657
5.514713 23.497437 -2.135464 658
-9.382842 6.366651 0.336891 659
1.633294 28.774566 7.461832 660
-7.503023 27.906986 -6.858460 661
6.895419 10.971885 11.728943 662
-6.745660 10.347372 5.551329 663
1.543461 20.780449 -4.781684 664
8.313823 21.498116 10.600837 665
8.723887 24.010305 10.210900 666
-1.886464 17.810114 7.866313 667
4.566261 2.915250 5.518509 668
10.983448 16.785275 -5.144039 669
-9.477192 1.292699 -1.038660 670
-8.324981 22.728952 -5.565657 671
1.898447 19.789426 -11.003854 672
4.270348 17.983780 -3.596710 673
12.061376 6.809842 4.676518 674
6.966221 21.411431 11.679666 675
4.440505 21.735072 -3.449266 676
12.596027 10.326539 1.496758 677
10.013781 0.982525 8.727466 678
0.514141 25.308475 -4.791773 679
-9.408646 23.109003 -2.135634 680
-1.661168 15.289399 -10.713731 681
-3.913706 21.208898 7.367282 682
-1.764823 23.735217 -10.687180 683
9.371427 9.920071 -7.337347 684
-7.666344 27.410254 -6.633873 685
-3.431552 17.301149 -10.101115 686
3.641655 8.637278 6.366457 687
12.603950 8.005946 0.773467 688
-6.739421 26.705345 5.557352 689
-3.458885 10.983036 -10.088832 690
12.567620 4.500462 0.015830 691
4.069566 28.389827 6.010757 692
-5.041899 19.525059 6.830575 693
-8.665195 29.466437 -4.862179 694
-7.679531 5.815011 4.489840 695
4.187092 24.862278 -3.664563 696
7.842388 14.814063 -8.720284 697
1.518862 17.723356 -4.784483 698
-6.910774 1.346717 5.387454 699
1.741943 16.933745 -4.754519 700
3.145228 19.006329 13.548788 701
-9.422544 14.942993 -2.013749 702
9.996142 1.788709 8.751018 703
-3.773234 15.454896 7.420148 704
11.562878 1.595848 6.046008 705
4.788198 25.308958 5.263916 706
10.039706 17.840183 8.692653 707
11.015169 20.730565 7.170468 708
-4.881328 19.416803 6.919911 709
-4.055770 18.703195 -9.796718 710
-8.088036 28.615750 -5.985386 711
11.018066 5.308320 7.165176 712
6.067587 14.247156 2.913553 713
0.172682 25.272108 -4.745620 714
11.742777 14.908904 5.604537 715
5.535729 22.872142 4.166275 716
5.198370 5.396318 4.718043 717
-2.584020 20.748662 -10.437791 718
2.033565 27.432746 7.304682 719
12.460690 4.879723 -0.907351 720
11.599685 12.842884 5.959356 721
6.707662 1.255556 11.856427 722
-4.327729 6.772388 7.194163 723
11.710626 19.984511 -3.644576 724
6.168060 26.140346 -0.556868 725
-4.042864 10.341850 -9.803534 726
3.389014 0.817547 -10.780002 727
3.996603 27.158480 -3.810009 728
-9.302028 14.131867 -2.814998 729
11.353443 27.313921 6.509001 730
4.393474 9.839393 5.700851 731
5.546362 20.733106 4.146822 732
12.603553 0.523439 0.752079 733
-9.374456 15.370405 0.394280 734
6.092650 9.954410 -0.826158 735
5.668199 10.083373 3.912391 736
-0.895156 28.600368 -10.876685 737
-8.306112 22.515162 -5.600882 738
2.845359 10.017727 6.899092 739
-4.294708 18.984982 -9.666357 740
5.129176 12.466371 -10.247676 741
3.500338 17.294994 6.472325 742
-5.822798 28.785016 6.326148 743
-2.184051 18.475447 7.827093 744
10.658429 4.517337 -5.678719 745
5.732581 25.148121 -1.734802 746
10.536988 21.784963 7.974133 747
2.979040 3.265386 6.819885 748
-9.420530 4.840546 0.039250 749
10.792274 8.910309 -5.466045 750
1.085145 12.707473 -11.040348 751
6.047221 15.852433 -0.968788 752
3.141609 8.252921 -10.831468 753
5.558911 24.838682 -2.059939 754
6.646133 23.783542 11.897216 755
11.465455 8.212440 6.267377 756
-9.470699 18.470832 -1.348300 757
1.331688 3.046522 -11.035607 758
3.019995 20.098897 13.586864 759
5.455844 10.421898 -2.232201 760
8.519899 20.084868 -8.167079 761
12.485259 8.859067 -0.740005 762
10.660797 20.412839 -5.675041 763
6.342564 11.813192 1.473235 764
-6.846370 11.754550 5.452421 765
0.658593 6.208899 -4.803704 766
0.589399 21.735609 7.755769 767
5.712521 24.579161 -1.774977 768
-8.001747 27.794149 4.028060 769
-7.850640 15.423600 -6.363783 770
11.265710 5.794299 -4.622111 771
-6.304179 18.087027 5.949537 772
-9.277459 5.945406 -2.937590 773
8.658576 12.311777 10.275243 774
10.734396 25.592244 7.657955 775
-8.981234 12.872454 -4.038218 776
10.600478 27.769757 7.874600 777
2.440560 11.192332 -4.592651 778
11.999784 20.947391 -2.848715 779
-0.116522 17.658763 7.867927 780
5.727593 3.025984 3.789413 781
12.397255 12.371850 -1.281793 782
-1.119057 27.741247 7.915712 783
6.271514 1.666514 -0.070700 784
1.304397 11.521426 -4.803589 785
5.600951 7.219203 12.520892 786
1.424437 6.834258 -11.032401 787
12.403069 10.713612 3.254704 788
7.365063 27.723077 11.389229 789
1.414261 15.074950 -11.032790 790
9.378530 24.097129 9.513332 791
4.714985 10.508161 5.350642 792
11.505426 13.760475 6.177895 793
9.157761 28.532900 9.759910 794
2.325830 3.989501 7.172758 795
3.446952 2.109217 -4.162046 796
9.711881 21.182443 -6.954225 797
3.957334 27.951083 -3.838381 798
6.397382 3.267027 -9.653450 799
-7.877703 19.550905 4.213300 800
-1.571123 4.381864 -10.735911 801
6.307654 20.818888 0.168588 802
-9.297274 18.768409 -2.839373 803
-3.257288 1.311702 -10.177271 804
0.641807 23.937715 -4.802545 805
-8.791275 29.586321 2.520771 806
11.469813 13.102345 6.257707 807
5.089414 10.342466 -2.754666 808
-7.612205 1.464184 4.578898 809
-0.732674 6.756087 -10.903894 810
2.662711 17.430388 7.001317 811
6.163452 18.041260 12.200998 812
2.897023 7.575552 -10.876679 813
6.190463 19.630250 2.460422 814
-8.645991 1.802868 -4.905951 815
11.799568 28.215183 5.454761 816
-8.524153 2.775917 -5.171189 817
8.527521 10.019338 -8.160362 818
10.994794 19.531489 7.207523 819
12.605921 15.117323 1.013330 820
5.610259 15.927754 -1.968796 821
6.349796 11.373712 1.366278 822
6.114038 23.067222 -0.754446 823
1.341104 8.475338 -4.800991 824
0.410319 19.478182 -4.780435 825
-6.350194 27.665515 -8.152469 826
-5.401175 9.920157 -8.948909 827
9.252914 24.403174 9.655140 828
6.855045 23.629068 -9.390212 829
2.255513 3.729674 7.205880 830
-9.374908 4.721626 0.391250 831
4.649358 12.449948 5.426039 832
6.787195 20.619984 -9.431009 833
5.181610 19.731117 -2.634377 834
7.988517 20.399325 -8.607977 835
12.041800 0.281600 -2.716803 836
7.917608 3.858287 -8.662932 837
-0.283251 22.917191 7.884804 838
-7.158441 25.257465 -7.293514 839
-8.743964 22.408458 2.634275 840
4.056030 28.335704 -3.766047 841
12.511018 27.591427 -0.544622 842
2.019656 6.692229 -10.993282 843
4.214399 15.293016 5.876968 844
3.928590 23.632206 13.280677 845
6.360835 15.673557 1.034568 846
2.333753 18.521758 7.168969 847
-5.750739 16.747221 6.377919 848
5.491770 21.929761 4.245159 849
6.317665 1.902063 1.731859 850
4.053589 14.783596 -10.612626 851
6.359201 6.897721 0.836759 852
-9.422612 10.121732 -2.013115 853
2.574701 16.549143 7.048196 854
-8.521467 22.310570 3.118040 855
8.701316 12.369166 10.233237 856
6.033992 15.228550 3.018982 857
0.044897 3.869171 -4.721684 858
10.219467 6.445070 8.444481 859
1.398272 8.784889 -11.033384 860
-9.470876 13.498975 -1.343517 861
-9.425158 7.208463 -1.989147 862
4.687260 7.897905 -3.212315 863
0.414719 26.747477 14.101669 864
-1.936991 17.584195 7.860448 865
-4.036007 28.160239 -9.807145 866
-4.513768 18.542396 7.107645 867
0.345229 7.521571 -4.772135 868
-8.967842 3.076124 -4.078163 869
-9.475604 16.390917 -0.815612 870
5.125545 13.279368 4.823422 871
2.132716 20.745184 -4.676909 872
12.605931 22.783184 0.999649 873
2.269576 11.982636 -4.642014 874
1.228336 17.022402 7.594951 875
10.782017 6.167518 -5.482696 876
3.569172 28.305858 13.410196 877
-7.023784 15.384199 -7.451010 878
10.446588 8.287398 -5.996462 879
6.294547 6.874187 -9.708838 880
-1.597251 28.587852 -10.729559 881
-0.212227 20.682625 -10.974186 882
7.397092 21.236182 11.364925 883
-9.227029 19.707657 -3.167016 884
-4.875883 23.369023 6.922860 885
0.394057 17.414087 -11.024263 886
-7.508231 15.096904 4.711984 887
5.664730 26.361939 -1.867736 888
-7.438007 11.788478 4.798978 889
-8.895030 7.279065 -4.286068 890
-4.640869 8.448799 7.045298 891
-4.863998 27.143130 6.929280 892
8.444717 21.080257 -8.232723 893
-9.422442 25.591672 -2.014697 894
-9.296692 11.360511 0.840530 895
4.115738 18.990649 -3.720601 896
4.963594 0.946705 5.043921 897
-7.861792 27.601006 4.236348 898
-2.866341 14.092407 -10.334909 899
4.472238 15.597096 -10.484783 900
0.977707 22.989363 14.033594 901
8.050707 10.086498 10.834451 902
4.263475 18.779554 -3.602415 903
5.808723 9.807060 12.406826 904
6.242545 9.333205 -0.227850 905
3.809341 19.382352 13.324895 906
-6.310662 13.010749 -8.189712 907
5.365936 3.086596 4.458470 908
3.306119 7.084529 -4.237828 909
2.327268 29.153484 7.172071 910
12.165187 20.966922 -2.295512 911
3.596130 19.783508 -4.075662 912
-1.593910 9.782920 7.893909 913
5.641646 0.594658 -1.911142 914
6.183363 17.114178 -0.495655 915
2.928803 1.090047 -4.414985 916
3.686900 7.942282 -10.710282 917
4.022742 5.719753 -3.790825 918
-4.767804 13.478989 -9.383688 919
6.335916 23.059655 0.424903 920
-1.555906 18.838086 -10.739578 921
-9.411781 9.441009 0.115640 922
3.283425 8.761294 6.624800 923
12.535946 2.347140 -0.327771 924
12.301728 5.158315 -1.747655 925
7.459184 21.638410 11.317379 926
0.014492 2.683458 -4.715440 927
-2.634691 27.534366 -10.419985 928
0.331231 12.890309 -4.770229 929
4.818558 2.391686 -3.073616 930
4.832315 17.164323 -3.058525 931
-2.557766 24.953169 7.761732 932
5.387361 10.421034 4.423364 933
-0.960224 23.396670 7.916663 934
5.013577 21.250177 4.977778 935
-4.055074 17.728271 7.311115 936
-6.385722 11.309811 5.880057 937
-2.664585 11.814751 -10.409346 938
11.022762 12.849265 -5.074892 939
4.079369 12.690768 6.001931 940
12.602992 6.567729 1.269160 941
7.491905 14.902940 -8.975193 942
12.469201 1.196091 -0.851147 943
6.360802 16.944495 0.937445 944
3.082164 1.474289 -4.347376 945
-5.297255 26.168437 -9.025033 946
3.656661 25.800743 -10.717749 947
5.005788 10.147738 -2.858313 948
4.409638 29.220914 -3.476925 949
-6.251340 28.643250 -8.244867 950
12.123744 29.658630 -2.443340 951
12.196553 4.731530 -2.178640 952
4.147548 0.087551 -3.695855 953
6.637905 7.445399 -9.518576 954
10.414452 10.388704 8.160853 955
-8.080329 7.000161 3.905285 956
3.324060 22.676736 -4.228476 957
5.329065 6.777830 4.517809 958
6.693592 13.453297 -9.486264 959
1.897156 7.783337 -4.727554 960
-6.600218 10.373835 5.688659 961
-9.108004 27.088648 -3.627489 962
5.776185 0.381026 12.425000 963
6.158814 3.966684 2.590078 964
5.167331 11.641880 -2.653444 965
-2.068903 25.218630 -10.602907 966
4.891352 6.397989 -2.992496 967
2.165914 28.057032 13.812848 968
5.064433 29.094011 4.908768 969
-5.612927 11.257757 -8.787528 970
12.257301 29.545885 -1.937978 971
12.529480 3.662571 -0.387347 972
-9.271784 22.828724 0.961214 973
9.207072 17.380850 -7.510909 974
9.568260 18.634696 9.291182 975
10.610397 14.697127 7.858871 976
6.066225 6.613511 2.917946 977
-8.913440 4.324027 -4.234891 978
10.858783 19.055271 -5.356580 979
6.321993 24.072471 1.693759 980
8.062506 20.089298 -8.549699 981
-8.951546 14.148089 2.099329 982
-7.224271 28.334343 -7.214099 983
4.540463 17.744426 5.546564 984
3.951760 6.802433 -3.842365 985
2.450022 20.515311 7.112050 986
9.402936 9.619286 9.485304 987
-8.796086 22.467556 2.508980 988
4.106311 29.944296 5.977508 989
9.380381 8.092001 -7.327687 990
10.052524 27.956089 -6.534938 991
0.979672 20.891612 -4.814470 992
11.768959 2.857779 5.536181 993
11.569214 7.376165 -3.980913 994
0.670340 28.039727 7.738595 995
0.246890 14.393527 -11.015218 996
2.566986 26.475832 7.052234 997
8.264949 23.378920 10.645169 998
3.430505 0.548517 6.522702 999
6.302674 23.122852 0.131492 1000
7.911703 20.573952 -8.667468 1001
-8.996253 26.030012 1.969306 1002
-1.351188 17.415290 -10.786660 1003
4.282520 18.783143 13.141991 1004
1.457519 3.334416 7.522708 1005
3.584049 6.410827 -4.082898 1006
11.233743 1.091093 -4.684398 1007
-2.426404 13.336348 7.786767 1008
-7.110093 9.797427 -7.350812 1009
6.360974 8.618827 1.007687 1010
3.605460 14.893560 -4.070043 1011
6.114416 5.451156 -0.753151 1012
12.482360 28.013756 -0.760604 1013
2.267889 28.205439 7.200115 1014
-3.820434 17.743892 7.402709 1015
-1.620964 0.024259 -10.723735 1016
12.275679 27.090193 -1.860887 1017
9.628490 20.486788 -7.051182 1018
-3.093655 2.215531 7.636029 1019
6.347049 29.891525 1.410099 1020
-2.041248 9.433709 -10.610969 1021
0.161247 24.276595 -4.743628 1022
3.377359 13.843518 6.560211 1023
-2.805556 17.614244 -10.357821 1024
-6.654345 14.327865 -7.852165 1025
0.589130 16.573609 7.755825 1026
1.458649 5.259496 13.957020 1027
5.388616 17.617346 -2.337743 1028
7.070364 4.644046 -9.256497 1029
6.160732 13.363577 -0.585269 1030
-7.190082 16.128643 5.089053 1031
12.555434 13.857003 -0.129000 1032
-2.008805 25.023291 7.851555 1033
3.575043 29.885169 -4.088265 1034
-8.561702 29.167328 -5.091613 1035
3.873678 22.377881 6.180519 1036
5.642825 5.998709 -1.908945 1037
3.458897 1.089877 -10.764411 1038
-9.210067 5.658122 1.230742 1039
6.360977 17.326420 0.969592 1040
4.621967 18.848170 -3.277885 1041
6.257438 10.943243 2.136976 1042
5.713652 19.096740 -1.772732 1043
0.697447 26.738804 7.732640 1044
6.143879 7.605546 12.212730 1045
-9.284979 8.590780 -2.900929 1046
5.090310 3.762575 4.872960 1047
-7.334522 15.857213 4.923174 1048
0.251401 24.622991 -11.015524 1049
-8.893339 8.993264 -4.290725 1050
-5.400764 23.630368 -8.949214 1051
12.343812 13.110377 3.561171 1052
-3.583309 16.516191 7.487051 1053
8.241115 29.583434 -8.404969 1054
6.161919 20.693430 -0.580707 1055
2.739582 29.104103 -4.490470 1056
-0.475112 2.878975 7.899777 1057
12.270445 26.942767 -1.883064 1058
-3.347600 1.753293 7.562931 1059
3.543765 3.699545 13.418929 1060
-5.693211 18.921772 -8.724059 1061
-0.364923 11.103130 7.891757 1062
8.449347 9.587168 10.475584 1063
10.776555 23.870830 7.587761 1064
12.559842 9.051144 2.075099 1065
4.710551 18.223851 5.355803 1066
3.225840 13.859167 6.663344 1067
10.568167 8.777781 -5.816787 1068
3.640262 24.972569 -10.721762 1069
-9.330917 17.115779 0.659624 1070
4.150150 2.115243 13.195178 1071
-8.968880 7.989351 2.049666 1072
0.676222 5.126245 14.072915 1073
-9.299203 16.809223 0.827894 1074
-9.452317 6.062715 -0.307758 1075
9.811755 14.771064 -6.835269 1076
-4.129925 21.881023 7.280151 1077
-8.126526 28.649891 3.830985 1078
5.664199 22.871050 -1.868744 1079
9.031831 2.402044 -7.688480 1080
-8.201002 28.147387 -5.791163 1081
-1.830755 29.234215 -10.669720 1082
11.564002 18.213313 -3.992791 1083
5.936307 28.724849 3.296246 1084
12.456567 9.919516 2.935660 1085
10.353435 27.036454 8.251324 1086
2.833609 0.010969 6.905873 1087
6.117261 14.498401 -9.801206 1088
-0.455524 4.424242 7.898466 1089
3.939793 9.449763 6.124593 1090
6.313537 5.141264 0.214768 1091
-0.273809 17.787208 -10.967196 1092
-9.210641 19.728240 -3.236334 1093
12.516636 10.468881 -0.498544 1094
4.212552 1.610803 5.878722 1095
6.347150 1.415041 0.569162 1096
-6.994287 1.675734 5.301138 1097
-8.954346 2.145360 2.091367 1098
10.888809 0.470266 -5.306290 1099
5.604620 29.210370 -1.978993 1100
2.418085 22.043902 -4.599510 1101
-3.833551 22.571568 -9.910921 1102
1.349968 0.999408 -4.800322 1103
5.750415 3.528184 -1.698429 1104
2.925285 7.839098 -10.871741 1105
-9.468225 26.800740 -1.409400 1106
-9.045348 29.161834 -3.838499 1107
11.995490 29.822217 -2.861912 1108
11.351346 10.403588 -4.450725 1109
-9.440913 8.769064 -0.166148 1110
3.728027 5.617422 6.299059 1111
5.276496 22.294450 -2.503313 1112
11.455991 21.540562 6.288300 1113
3.829763 5.666842 13.317411 1114
7.009473 13.018134 11.649233 1115
-2.850466 1.367794 -10.340933 1116
4.195663 19.664204 -3.657702 1117
3.506389 23.431266 -4.128398 1118
6.360909 25.887013 0.953312 1119
1.474395 23.560586 -4.789224 1120
6.026207 13.004769 -9.847139 1121
5.934967 10.434637 -1.278225 1122
-3.058453 1.661657 -10.259691 1123
11.149761 24.583243 -4.843963 1124
-8.152933 3.181210 -5.875039 1125
-3.337555 0.182221 7.565991 1126
12.379394 8.251271 -1.376211 1127
2.009911 28.283139 7.314709 1128
1.013125 20.227780 7.655664 1129
10.874688 11.569752 -5.330010 1130
-9.454128 25.708389 -0.333066 1131
4.519634 20.244747 5.568997 1132
6.751404 18.242908 -9.452277 1133
6.244323 13.182775 -0.218822 1134
9.068950 28.838556 9.855716 1135
5.894818 24.687195 3.403467 1136
3.899439 0.314983 -3.879250 1137
3.460995 4.248502 -4.154187 1138
9.867713 14.484295 -6.767220 1139
12.283860 17.418553 -1.825843 1140
7.488022 8.789669 -8.977907 1141
9.011298 13.166009 -7.708803 1142
4.925078 11.947956 12.860642 1143
-8.656113 4.119164 2.834358 1144
10.991242 28.582851 -5.130415 1145
-6.480574 10.801340 5.796997 1146
6.882613 25.109322 11.737784 1147
0.058529 1.240072 -4.724414 1148
2.451906 12.714918 13.743620 1149
-7.958447 2.269139 -6.196566 1150
-0.985252 9.414446 7.916724 1151
-8.538526 28.379480 -5.140945 1152
2.343848 25.635104 7.164126 1153
6.195713 5.205934 -0.444188 1154
-0.145978 16.076508 -10.981312 1155
1.836212 8.846676 -11.008763 1156
11.285825 27.086165 -4.582456 1157
-1.148662 2.441622 7.915183 1158
4.995219 23.624247 5.002261 1159
-0.874173 5.232255 7.915847 1160
0.345882 21.599639 7.802015 1161
8.495475 6.960200 10.432155 1162
8.835984 6.214124 -7.878354 1163
3.063171 6.483963 6.768060 1164
-5.626588 29.300116 -8.776819 1165
9.610928 11.455470 -7.071335 1166
12.594705 19.058667 1.529093 1167
10.542958 1.396921 7.964857 1168
-6.402898 6.962051 -8.102199 1169
3.225432 26.245211 -4.278814 1170
5.989426 13.804276 3.150312 1171
12.167540 0.091907 4.304112 1172
-5.950419 13.948238 6.231625 1173
-0.562673 24.722157 -10.929664 1174
10.785944 26.156567 -5.476327 1175
5.082463 9.032236 4.883868 1176
-8.658763 7.080156 -4.876903 1177
5.702214 24.947348 3.842734 1178
0.311043 13.132578 -4.767404 1179
9.656075 15.212619 -7.019342 1180
1.004901 5.564237 -4.814405 1181
-4.494806 4.544957 7.116719 1182
4.893681 27.204169 5.133788 1183
6.225770 29.782497 2.300158 1184
-0.452810 11.702443 -10.944863 1185
9.597758 24.804317 9.255740 1186
0.310577 28.621730 -4.767338 1187
8.021883 26.815262 -8.581815 1188
11.637794 25.230188 -3.821310 1189
10.132484 20.498525 8.566078 1190
3.298553 5.153888 13.500405 1191
5.282864 7.126539 -2.494234 1192
-9.450486 13.028555 -1.707848 1193
12.387995 0.751866 -1.331243 1194
-2.955164 8.059398 -10.300664 1195
5.766845 29.404780 12.430195 1196
6.540386 9.380774 11.966204 1197
4.278975 17.152549 13.143436 1198
3.170501 18.349897 -4.305732 1199
-7.348522 27.046142 4.906641 1200
0.908818 11.881198 7.682667 1201
5.695702 20.783000 -1.808084 1202
5.709510 6.134575 -1.780940 1203
11.900564 1.885584 -3.141657 1204
-9.396306 18.671577 -2.233786 1205
6.826719 20.640587 11.776122 1206
1.538387 8.903554 13.942661 1207
-5.664695 17.146855 6.438268 1208
-2.867606 9.486677 7.693718 1209
5.777523 24.284940 3.680860 1210
-7.787390 10.964927 4.342114 1211
4.269150 20.963697 5.824427 1212
-8.375858 19.002779 3.399031 1213
-7.092317 28.937373 5.196710 1214
4.583047 6.023900 5.500091 1215
5.686892 17.945332 -1.825222 1216
-6.272143 2.511103 5.976359 1217
-9.469607 16.332441 -0.613148 1218
0.658847 25.384474 7.741089 1219
1.887394 1.220950 -11.004751 1220
-7.640414 9.880813 4.541869 1221
-7.246332 21.280490 5.025449 1222
11.317536 25.809326 -4.519201 1223
12.225210 15.026958 -2.067643 1224
8.508969 29.842788 -8.176692 1225
11.117477 12.859204 -4.903807 1226
-9.436050 8.020358 -0.112723 1227
-8.629954 14.188556 -4.942069 1228
-3.539010 4.825360 -10.052286 1229
4.495955 4.766934 -3.398519 1230
5.167756 8.050259 4.762849 1231
-4.856871 22.713602 -9.326615 1232
2.004653 18.275221 7.316925 1233
9.680249 29.007991 -6.991251 1234
4.219185 23.199623 5.872420 1235
1.849795 17.185937 -4.736318 1236
2.550029 13.506705 7.061068 1237
-8.583928 8.611712 -5.043632 1238
3.978658 22.571598 13.261738 1239
2.354474 2.830745 -10.957125 1240
5.327765 3.203572 -10.166878 1241
-8.475917 22.046809 -5.270813 1242
-9.261875 10.637761 -3.011380 1243
11.944787 17.419008 5.043455 1244
-4.494457 8.965663 7.116885 1245
-8.333531 21.410428 3.476400 1246
6.169065 10.814586 2.549309 1247
8.933104 21.553786 -7.785293 1248
-8.924970 29.859712 -4.202378 1249
-1.816335 2.511003 7.873915 1250
3.598884 14.046177 -10.731771 1251
4.920647 2.814092 -2.958944 1252
0.297295 21.755114 -4.765430 1253
-6.289529 27.361363 -8.209460 1254
-0.770633 2.592433 -10.897763 1255
-7.419619 15.598527 -6.968332 1256
9.971843 16.578930 8.783283 1257
-3.050994 20.554471 -10.262692 1258
-9.386556 8.989643 -2.306094 1259
4.583063 18.056331 5.500073 1260
2.409259 5.955117 -4.602173 1261
6.701658 19.702722 -9.481549 1262
6.259230 20.950712 -0.140145 1263
3.519190 13.790411 6.458509 1264
4.592014 4.729775 5.490199 1265
-8.912345 12.653575 -4.237959 1266
-9.080729 17.881631 -3.721496 1267
11.054211 9.669945 -5.018805 1268
12.161275 24.921865 4.327326 1269
11.022061 3.680550 -5.076135 1270
3.935413 7.535421 13.278109 1271
6.359082 28.128226 0.831858 1272
8.203601 19.656246 10.700202 1273
2.121035 22.587326 -4.679700 1274
5.351323 24.325756 4.482147 1275
0.399781 1.452802 -4.779154 1276
0.512547 12.441274 -11.030107 1277
10.347496 21.764672 8.260044 1278
-7.843188 4.171320 -6.375079 1279
6.143160 18.976718 -0.651191 1280
-9.444739 7.405004 -0.210771 1281
-8.081407 25.199168 -5.996478 1282
6.352793 25.100125 1.311757 1283
0.668088 13.592173 7.739085 1284
5.142472 11.842762 -10.242402 1285
-8.714302 28.847859 -4.747543 1286
5.894201 0.245349 -1.378985 1287
-3.558493 11.953161 7.495410 1288
-4.743167 14.633168 6.993161 1289
-7.607418 18.544103 -6.716408 1290
0.890139 2.100300 -4.813633 1291
-7.559994 4.280638 -6.781583 1292
8.050589 19.626799 10.834553 1293
4.835197 6.549588 -3.055350 1294
6.720574 3.573958 -9.470457 1295
3.801013 1.294113 13.327937 1296
-5.414183 4.966745 -8.939241 1297
5.506022 15.333177 -10.090616 1298
2.150533 26.018041 7.253687 1299
-8.372839 22.987822 3.404609 1300
2.258977 4.048528 -4.644862 1301
-3.928972 1.947620 7.361361 1302
-2.146711 20.173349 7.832634 1303
3.102288 14.466208 6.743429 1304
12.257783 14.862537 -1.935987 1305
-8.002240 9.404510 4.027303 1306
11.926846 9.705029 -3.066385 1307
11.167379 27.273039 -4.810962 1308
3.373334 13.510099 6.563023 1309
3.214991 22.459074 -4.283992 1310
2.588331 5.557600 -4.544720 1311
-2.907884 2.547661 -10.319005 1312
-6.585795 6.210876 5.701936 1313
10.296615 16.767470 8.334146 1314
-6.150901 19.851013 6.075514 1315
6.120883 28.176395 -0.730792 1316
-9.113473 1.207361 -3.608206 1317
7.568107 4.909755 11.232583 1318
-0.588716 13.143700 -10.925894 1319
-4.606555 9.770028 7.062393 1320
4.611927 2.697971 5.468096 1321
12.584042 24.309589 1.740039 1322
6.741563 11.986769 11.833746 1323
-3.306441 19.659429 7.575382 1324
3.167546 17.005305 -4.307158 1325
6.360393 0.093656 0.900026 1326
-7.662928 19.540544 -6.638706 1327
6.358564 9.512920 1.164482 1328
2.868695 7.978015 6.885537 1329
-8.478292 13.813446 3.203913 1330
-1.023674 18.694828 7.916665 1331
1.098552 24.055603 7.632376 1332
-8.408987 16.834924 3.337187 1333
5.511010 0.744123 4.210934 1334
1.286186 23.806213 -4.804775 1335
-0.844306 8.192665 -10.885472 1336
6.192035 24.687340 -0.459721 1337
11.767931 20.656643 -3.499720 1338
-5.576438 18.117074 6.498545 1339
0.436435 11.608503 7.785762 1340
7.986168 1.966060 -8.609811 1341
8.015658 29.957802 -8.586711 1342
6.336896 19.831317 0.435971 1343
5.207547 6.875169 -2.599316 1344
6.337332 2.767637 0.440956 1345
-3.842307 7.229360 -9.906546 1346
12.605912 27.077090 1.018840 1347
-9.476855 6.520440 -0.903294 1348
6.274448 14.385683 -0.053396 1349
4.967509 27.276848 -10.310274 1350
10.188198 5.813473 8.488529 1351
5.978797 13.439628 3.180372 1352
12.116968 18.534003 4.486815 1353
6.110097 17.826391 2.770558 1354
12.591560 19.976317 0.395501 1355
12.429331 8.030406 3.104260 1356
-9.411944 12.716015 -2.107930 1357
-9.002576 23.979714 1.950388 1358
11.282490 27.969385 6.655683 1359
3.065444 14.091573 -4.355034 1360
-9.476142 9.189102 -0.846775 1361
-4.425616 13.181155 -9.591488 1362
6.854386 9.205801 -9.390611 1363
5.690495 8.250389 3.866961 1364
1.006728 4.162422 -4.814395 1365
5.818589 4.996424 -1.553210 1366
9.864549 14.818422 -6.771096 1367
3.894073 2.597505 13.293605 1368
-4.035236 27.805167 7.319178 1369
0.871285 4.454287 14.048232 1370
0.509062 4.814376 7.771921 1371
5.774404 21.531708 -1.648483 1372
-3.884761 20.246834 7.378414 1373
-8.320127 10.755586 -5.574751 1374
-3.254071 2.713737 -10.178642 1375
-9.071774 0.247441 -3.751615 1376
1.321079 11.183371 7.566673 1377
6.199145 23.649214 -0.429526 1378
6.096913 13.418582 -0.812119 1379
5.769222 2.988740 -1.659375 1380
4.508905 24.174934 -10.472738 1381
-8.599584 19.783650 2.956574 1382
5.063372 13.570923 -2.787476 1383
3.586497 16.000871 -10.734735 1384
6.358289 15.799942 0.802395 1385
11.809675 18.890432 -3.390661 1386
-9.473763 19.396933 -1.253351 1387
-8.869371 5.754922 -4.355952 1388
6.175149 24.051962 2.524580 1389
10.851669 5.897130 -5.368416 1390
-9.374498 12.338809 -2.390297 1391
-7.915908 7.070801 -6.263419 1392
-6.447996 8.166163 5.825801 1393
5.654145 0.260055 -10.024503 1394
3.435518 27.848425 -4.168404 1395
-6.462248 15.606585 -8.044726 1396
12.371410 13.923768 3.423404 1397
-7.921212 15.705892 4.149462 1398
-1.438216 10.104363 -10.767156 1399
2.103094 9.971368 7.274654 1400
-5.528251 29.648636 -8.853093 1401
3.602906 14.211507 6.396020 1402
11.632911 22.405828 -3.832883 1403
11.474368 20.098765 -4.191911 1404
5.746854 23.867760 12.441283 1405
-7.703319 8.176303 4.457807 1406
-8.283965 8.517454 3.564774 1407
-6.107150 21.517672 -8.375379 1408
12.605456 5.539114 1.106335 1409
1.451057 25.011101 -4.791549 1410
6.355630 5.089950 1.249906 1411
6.896956 28.597970 11.727880 1412
6.432222 21.676441 12.035333 1413
-8.114234 4.027452 3.850914 1414
12.077549 25.592775 -2.600322 1415
8.365880 27.950782 10.553133 1416
0.629941 16.925540 -11.034634 1417
-2.954296 11.964700 7.672407 1418
-5.380624 13.248075 6.626602 1419
-7.417779 21.050422 4.823622 1420
1.251849 7.801290 -11.037744 1421
-8.607140 0.855884 2.940510 1422
5.839845 28.438957 12.389333 1423
-1.611061 29.885069 7.892589 1424
-0.423673 23.384498 7.896227 1425
10.936700 29.682042 7.311653 1426
-8.963374 14.626589 -4.091364 1427
8.269238 3.839480 -8.381647 1428
5.438418 13.931018 -2.260044 1429
-8.125435 22.277715 3.832758 1430
3.508249 20.201749 -4.127328 1431
-0.343643 26.219385 -10.958840 1432
3.874697 22.747512 -10.661916 1433
9.250622 18.515257 9.657691 1434
-0.679120 8.244517 -10.912308 1435
2.457621 10.091350 -10.943921 1436
12.523677 25.071706 2.436795 1437
-8.708008 11.576591 2.717757 1438
-8.350546 2.410397 3.445515 1439
11.906613 25.967531 -3.124472 1440
12.444969 13.061222 -1.006915 1441
6.344604 5.162426 1.445593 1442
1.187113 0.128892 -4.810029 1443
2.677687 19.574905 -4.513313 1444
5.908595 11.090689 -1.344004 1445
6.321627 11.282976 0.283318 1446
-3.982412 13.240274 -9.835154 1447
1.370412 15.483715 -4.798718 1448
-8.854215 9.003438 2.362640 1449
1.230157 14.349654 -11.038225 1450
5.115356 0.187407 -2.721482 1451
5.505559 5.143077 4.220675 1452
3.012583 9.106723 6.799409 1453
6.330139 22.333937 0.363708 1454
0.703427 17.426800 7.731313 1455
11.701503 21.036215 -3.667151 1456
2.353597 24.139933 7.159431 1457
10.287724 25.559557 -6.221172 1458
-8.720049 3.531629 -4.733861 1459
-8.648674 19.717910 -4.899868 1460
6.577768 22.588544 -9.553008 1461
10.152632 21.063864 -6.404000 1462
10.618890 18.153554 7.845364 1463
5.798919 1.147999 -1.596171 1464
11.371096 5.854503 -4.410219 1465
6.348825 9.920451 1.382320 1466
1.344559 19.285002 -4.800732 1467
5.512409 6.522118 -2.139331 1468
5.687446 2.307294 -1.824148 1469
5.538969 29.417681 -2.094337 1470
7.750978 6.202769 11.086127 1471
3.910837 29.497600 6.149254 1472
6.993416 18.311130 11.660561 1473
-2.848342 7.439357 -10.341737 1474
12.063074 15.538738 4.670880 1475
-2.555041 21.384932 7.762274 1476
5.501097 7.796071 4.228624 1477
6.355508 3.440580 1.252875 1478
-8.956906 16.490085 -4.110365 1479
4.783919 6.567053 5.269064 1480
1.947116 9.365268 7.340868 1481
0.709493 29.193992 -4.806853 1482
-6.958100 9.275715 -7.525536 1483
4.763869 28.387425 12.934919 1484
12.568230 12.316856 1.972120 1485
0.357920 0.310008 -4.773826 1486
-3.236371 9.302070 -10.186164 1487
-1.961596 4.656205 7.857475 1488
5.090481 29.822476 -2.753310 1489
-9.092514 13.507176 -3.681310 1490
-6.093195 16.356549 6.121432 1491
-9.461727 7.869953 -1.538090 1492
11.480088 26.476237 6.234827 1493
6.039511 3.091832 -0.991845 1494
-7.191702 24.706881 5.087238 1495
2.782758 12.815272 -4.474001 1496
-3.608235 27.610340 7.478567 1497
5.774121 15.840365 -9.969095 1498
4.381268 26.125039 -3.501982 1499
0.054299 10.584324 -11.000376 1500
2.560237 12.004572 7.055756 1501
-6.198659 17.937687 -8.293126 1502
6.083773 27.345538 -0.855010 1503
-7.285543 3.989611 4.980369 1504
0.576174 1.265023 -4.797441 1505
5.718093 12.031169 3.809514 1506
4.392819 17.871231 5.701518 1507
-9.477258 27.590379 -1.020862 1508
6.049897 8.813274 2.969818 1509
-0.957920 16.351180 7.916653 1510
8.143024 23.450453 -8.485172 1511
-5.911308 9.821986 6.260984 1512
2.627340 2.857883 -4.531236 1513
-4.271916 13.250478 7.219045 1514
-8.919998 0.872305 2.187441 1515
12.455254 20.261711 -0.942377 1516
2.091848 3.347711 7.279568 1517
12.383929 5.989208 -1.352614 1518
-8.180160 15.904846 -5.827761 1519
2.562239 18.820705 -4.553544 1520
4.565108 11.207899 5.519769 1521
-6.852884 18.193609 -7.641934 1522
-9.065844 25.391661 1.753003 1523
6.287723 21.058371 1.954957 1524
5.407728 11.786217 4.389547 1525
10.583694 17.156060 -5.793328 1526
-4.723731 7.493212 -9.411464 1527
5.934329 21.820402 -1.279844 1528
5.152011 10.299874 -10.238606 1529
-5.091202 2.359040 6.802216 1530
-8.506251 9.066928 3.148566 1531
4.249939 9.012074 -10.554866 1532
-5.070549 0.696636 6.814149 1533
0.655272 5.283428 -4.803479 1534
3.503343 25.827564 -4.130147 1535
-6.722323 19.678445 -7.781518 1536
-7.785943 25.696128 4.344140 1537
8.575034 8.128214 10.356277 1538
4.372143 26.878433 -3.509968 1539
-3.187440 6.263712 7.610065 1540
-8.946304 28.925045 -4.141238 1541
5.007917 12.430803 -2.855733 1542
10.372101 6.886956 8.223817 1543
-3.305968 24.551106 -10.156371 1544
10.305133 10.813305 8.321815 1545
-3.557030 15.045722 -10.043956 1546
0.647960 22.430224 -4.802977 1547
1.217310 24.955496 7.598227 1548
5.014663 11.834129 -2.847545 1549
-3.656476 2.899090 -9.997245 1550
2.861380 7.961748 -4.442870 1551
0.763596 23.758350 -11.038261 1552
-9.004679 28.105822 1.944067 1553
1.965652 17.047758 7.333215 1554
-9.465448 28.140647 -1.468680 1555
4.223796 17.917452 -10.562780 1556
12.167228 29.638559 -2.288042 1557
1.264188 22.870455 7.584172 1558
1.576293 5.568476 7.482103 1559
-0.872168 15.503100 7.915816 1560
-0.037479 19.204563 -10.992101 1561
12.391936 26.068527 3.315468 1562
9.288755 18.003551 -7.425527 1563
11.940368 29.990081 5.056656 1564
12.107759 3.875289 4.518999 1565
6.330342 8.801119 0.365761 1566
12.564658 14.306381 2.017245 1567
5.113612 3.887473 12.770539 1568
9.914436 6.843704 -6.709607 1569
11.972035 5.432161 4.961009 1570
3.173700 20.160467 -4.304186 1571
-2.012702 9.773545 -10.619207 1572
0.675290 23.717626 7.737515 1573
-2.638749 16.380417 -10.418547 1574
11.779192 6.916697 5.509144 1575
-3.053026 20.602874 7.646906 1576
9.663314 1.472478 -7.010949 1577
6.296005 17.177956 0.084265 1578
-9.445088 29.812870 -1.776360 1579
-3.838128 10.889071 -9.908635 1580
4.927833 16.761620 -10.325207 1581
1.908834 27.818411 7.356489 1582
4.392461 7.796295 5.701882 1583
9.495503 24.974251 9.377542 1584
-4.914452 5.253777 -9.289037 1585
4.302267 26.395266 -3.569968 1586
-3.816375 8.388983 -9.919474 1587
6.336779 25.484280 1.544170 1588
10.376291 24.201480 -6.097248 1589
12.309273 5.673755 3.723486 1590
-0.018384 29.356769 7.856300 1591
5.730724 7.611830 -1.738553 1592
9.569073 23.356384 -7.118998 1593
1.066899 24.323536 7.641129 1594
4.900402 14.938588 5.125279 1595
6.273681 27.471695 2.043321 1596
3.247207 3.029506 -4.267925 1597
-8.750980 4.074738 -4.659210 1598
-5.251167 25.749504 6.707114 1599
8.340265 0.559395 -8.322080 1600
-9.236191 21.849839 1.121122 1601
-3.887163 24.499736 7.377495 1602
2.894194 3.486613 -4.429437 1603
6.076512 14.656691 2.884483 1604
-9.009119 10.423452 -3.953155 1605
-5.714798 23.216730 6.403320 1606
10.611179 8.558602 7.857630 1607
2.652799 24.731901 -4.522247 1608
-7.661527 5.191832 4.513886 1609
-9.166581 25.909304 -3.412439 1610
5.695924 27.781643 -1.807650 1611
-9.089150 5.733112 -3.692847 1612
12.466076 1.510575 2.873168 1613
6.293569 16.453484 1.915658 1614
6.145446 0.285537 -0.642777 1615
2.892752 24.850910 -4.430033 1616
-0.576529 27.256332 -10.927667 1617
0.852559 21.158902 -4.812785 1618
2.889834 7.299909 6.873161 1619
3.392185 17.676948 13.469893 1620
9.507101 28.166999 -7.188639 1621
5.242226 26.865060 4.652519 1622
1.616509 18.186786 -11.023285 1623
5.791351 23.771350 -1.612461 1624
-3.624735 25.085026 -10.012291 1625
12.472330 16.804233 2.830882 1626
10.687910 0.020853 7.734226 1627
-1.129218 7.538254 7.915543 1628
-9.218488 12.958458 1.196045 1629
1.343122 12.919586 -11.035254 1630
3.923444 26.256991 -10.648797 1631
-8.447651 2.029228 3.263508 1632
-2.341675 10.197204 7.801727 1633
3.526613 5.311862 6.453043 1634
3.573539 7.381056 -4.089159 1635
-7.717683 21.834585 4.438316 1636
6.273877 8.646147 -0.056788 1637
-4.897698 7.120250 6.911012 1638
9.111273 4.189770 9.810294 1639
-9.477269 6.621908 -1.016269 1640
9.645832 24.526401 9.197441 1641
4.251301 11.346872 -3.612473 1642
0.922756 19.965457 14.041256 1643
4.434084 28.074399 -3.455054 1644
1.449224 12.794434 7.525462 1645
10.897817 18.154801 -5.291094 1646
-5.915320 29.087533 -8.541577 1647
-8.637590 10.939529 2.874933 1648
2.450119 19.933427 7.112002 1649
5.672645 9.442652 -1.852649 1650
2.647919 26.571475 7.009303 1651
6.282812 8.866342 -0.002344 1652
1.173348 8.860982 7.611111 1653
4.942778 27.212462 -2.933240 1654
12.553768 14.786538 -0.147355 1655
3.669088 6.214190 13.375314 1656
5.984545 0.774577 3.164173 1657
4.125740 5.106268 -10.591850 1658
1.826117 9.070216 -4.740523 1659
-4.809155 28.843188 -9.357349 1660
0.280161 23.509723 -11.017436 1661
1.739024 20.197694 -4.754978 1662
0.149062 25.221668 -4.741474 1663
5.898242 12.625628 -1.369227 1664
12.361381 21.112120 3.474383 1665
3.760389 14.438599 6.273260 1666
-9.292948 24.617279 -2.861269 1667
-9.423696 13.121706 -2.002983 1668
-8.087039 25.799215 -5.987057 1669
0.022256 0.266917 7.851115 1670
-5.898014 29.880934 6.270883 1671
-5.958916 8.256032 6.225200 1672
2.111192 1.005492 13.825368 1673
2.721414 4.562999 -4.497269 1674
-4.741290 14.387885 6.994133 1675
11.228741 26.665270 -4.694065 1676
-6.509381 8.502573 -7.998418 1677
1.695070 23.523811 7.439282 1678
10.554984 5.111775 7.946120 1679
4.300301 21.938806 -3.571627 1680
1.037643 7.398655 7.649089 1681
11.437360 2.455228 6.329208 1682
-0.948256 25.587262 -10.867243 1683
1.869290 20.596565 -11.006197 1684
-8.903955 28.743319 2.231190 1685
5.870934 29.551668 -1.434236 1686
6.101717 16.041679 12.237849 1687
11.649830 27.179413 5.838406 1688
-7.343315 14.299459 4.912800 1689
12.580199 26.690138 0.192502 1690
0.599682 0.715493 7.753638 1691
-2.598111 3.861745 7.753591 1692
11.409221 22.219206 -4.330924 1693
4.547885 11.730606 -3.349719 1694
6.006255 11.808854 12.293970 1695
0.065653 18.055450 -4.725824 1696
2.623619 0.716564 7.022327 1697
2.279375 11.630129 -4.639359 1698
-7.622400 1.702384 4.565562 1699
11.149696 20.687117 -4.844084 1700
9.695294 15.611727 9.136745 1701
-9.263809 2.282594 -3.002373 1702
11.826341 12.187792 -3.346232 1703
-8.319030 12.906386 -5.576803 1704
8.404822 19.779368 -8.267102 1705
0.416991 6.551735 -4.781234 1706
-8.986502 2.432660 1.998214 1707
4.984885 14.030150 5.015945 1708
1.806509 21.860151 7.397052 1709
4.237350 18.419515 13.160319 1710
6.160405 27.017932 2.583823 1711
-9.439221 7.583381 -1.844576 1712
5.811981 6.602860 3.602866 1713
-8.107476 7.074150 -5.952669 1714
0.244379 24.303885 14.117744 1715
5.637721 21.072272 -1.918437 1716
5.679924 26.355146 12.478087 1717
5.408217 21.330337 -2.307486 1718
6.357925 19.832407 1.186251 1719
-2.041154 13.187323 -10.610996 1720
5.534914 16.883808 -2.101267 1721
3.799922 29.709340 -3.946901 1722
-0.765429 28.719462 -10.898612 1723
1.269336 10.104548 -4.805811 1724
1.948777 4.663674 13.861168 1725
-9.130148 12.512374 -3.548450 1726
-3.067928 16.634310 7.642943 1727
4.193555 0.892564 -10.571848 1728
6.487794 26.001188 11.999996 1729
-3.701130 26.832427 7.446161 1730
2.752377 14.915712 -10.900788 1731
-5.940000 6.278610 -8.520654 1732
10.263123 21.647914 -6.255012 1733
-6.670648 20.991483 -7.835345 1734
-3.244759 13.822417 7.593603 1735
12.560427 5.117791 2.068233 1736
5.807065 23.831143 3.614158 1737
11.512234 26.654989 -4.108953 1738
0.414650 4.275436 14.101676 1739
3.467492 28.190148 6.496176 1740
4.568055 0.007826 -10.453017 1741
-0.209434 13.164150 -10.974495 1742
-5.990640 0.335033 6.201066 1743
-9.407221 7.035465 0.153406 1744
6.300817 21.209526 12.117403 1745
5.849144 20.824931 12.384086 1746
6.793702 7.953625 -9.427124 1747
-3.879317 9.797209 7.380494 1748
1.877502 2.797018 -4.731248 1749
-7.244160 1.247981 -7.189779 1750
-8.225467 22.778405 -5.747738 1751
-1.648028 9.746235 7.889619 1752
11.759564 15.654654 5.560841 1753
-4.099172 28.556636 -9.773631 1754
-4.144626 20.069353 -9.749173 1755
2.601864 14.193649 7.033889 1756
3.505120 19.481165 -4.129127 1757
2.729311 19.969077 6.964825 1758
5.547803 6.904423 4.144174 1759
-0.941833 24.146690 7.916567 1760
12.579767 15.083551 1.809364 1761
6.212812 13.020891 -0.369461 1762
6.178902 21.271008 -0.513779 1763
-9.474749 16.657920 -0.774972 1764
-5.847370 7.650114 -8.598506 1765
6.225833 2.256017 -0.309465 1766
-3.102819 17.673071 -10.241708 1767
12.603099 20.227262 1.264157 1768
10.712340 17.640402 -5.594237 1769
4.350064 16.011068 5.744691 1770
1.341588 14.178491 7.560245 1771
6.360995 9.714336 0.999018 1772
-7.857655 12.929583 4.242317 1773
0.488342 22.946934 7.775943 1774
3.551841 29.893880 6.434359 1775
8.092212 7.950549 10.798411 1776
-4.964159 23.762010 6.874399 1777
-3.488191 4.038278 7.518615 1778
-6.601710 1.066084 -7.905949 1779
3.224077 13.618395 -4.279488 1780
6.212346 16.889312 2.363365 1781
5.897070 6.926484 -9.910561 1782
-7.696052 4.342873 -6.591588 1783
6.272048 20.312875 2.053118 1784
12.604146 10.622115 1.209065 1785
-6.551908 15.314169 5.732894 1786
-8.983660 20.841200 -4.030920 1787
-9.353745 17.858788 -2.524252 1788
6.359709 15.183323 1.116608 1789
3.816055 23.291978 -3.936152 1790
-8.571024 20.556082 3.016559 1791
1.420144 9.584809 -4.794455 1792
-7.208793 24.964286 5.068033 1793
-8.523857 19.824647 -5.171809 1794
-2.788275 17.612047 -10.364258 1795
1.595708 0.572353 -4.775326 1796
4.518873 25.108501 -10.469440 1797
6.306251 3.419936 0.157969 1798
-6.564904 25.212613 -7.943093 1799
-5.479100 10.124902 -8.890516 1800
10.065538 12.883069 -6.518126 1801
2.652045 23.813360 -4.522515 1802
12.509366 4.247024 2.556789 1803
-3.850044 18.243055 7.391602 1804
-4.958994 27.918865 6.877273 1805
0.579843 19.093313 7.757737 1806
-8.621941 1.433120 -4.959971 1807
2.622093 20.950384 7.023141 1808
-2.482470 7.713286 7.776357 1809
-1.180864 20.727045 7.914483 1810
-3.587102 10.895393 -10.029963 1811
-0.230079 16.256527 -10.972196 1812
1.046564 6.664258 14.023679 1813
6.815632 27.164620 11.783677 1814
-1.279664 11.206235 7.911517 1815
6.331260 2.364495 1.604276 1816
9.197574 0.927898 9.716345 1817
3.035967 18.807024 6.784989 1818
-8.787923 28.109899 -4.567705 1819
9.218987 9.598059 9.692753 1820
4.173106 22.355242 -3.675698 1821
4.670304 8.667852 5.402207 1822
-6.752115 3.730621 5.545086 1823
-7.551836 15.422430 -6.792685 1824
10.705942 11.625356 7.704779 1825
5.985525 29.358293 3.161397 1826
4.227320 8.754532 13.164364 1827
-7.152895 17.770277 5.130428 1828
10.865434 17.140693 -5.345489 1829
-9.390629 18.475680 -2.276391 1830
0.151840 16.827428 7.833128 1831
-7.017652 8.395782 5.276558 1832
5.329789 4.555489 -10.166032 1833
9.478447 21.990375 9.397574 1834
11.274568 1.190956 6.671776 1835
5.712624 24.048669 -1.774771 1836
5.284441 12.192507 -2.491979 1837
11.080636 24.900343 7.049443 1838
-1.387244 29.131065 -10.778671 1839
1.886892 12.674492 -4.729494 1840
-9.459873 1.617145 -0.420739 1841
11.021547 23.611103 7.158809 1842
-3.956740 18.902311 7.350502 1843
2.831641 15.264582 6.907006 1844
5.569812 17.030585 4.103382 1845
6.264451 9.275726 2.097529 1846
-3.554198 22.414079 7.496848 1847
-6.467264 10.099826 -8.039826 1848
4.161172 26.500631 5.926997 1849
-4.282689 10.009678 -9.673107 1850
11.846152 23.880437 -3.292723 1851
4.727138 24.143515 -3.171181 1852
6.443141 1.507160 -9.628369 1853
-1.835340 12.075154 -10.668489 1854
-8.925069 28.955749 2.173470 1855
7.981280 12.431278 10.894077 1856
4.434487 9.915707 -3.454692 1857
-6.159095 19.091171 -8.328930 1858
5.584413 25.740761 4.075949 1859
1.505098 23.648520 -4.785994 1860
-7.428264 16.152292 -6.957086 1861
12.605794 22.250113 1.055658 1862
-8.562841 22.191618 -5.089171 1863
12.604048 13.343838 0.779026 1864
6.216163 25.512296 2.345698 1865
-4.386056 14.836046 -9.614376 1866
6.337244 28.444726 0.439951 1867
2.984863 23.933646 6.816349 1868
0.847873 3.991338 -4.812659 1869
3.650790 7.133093 -10.719189 1870
5.971606 3.831704 12.314082 1871
8.245724 16.023612 -8.401157 1872
8.889079 1.700901 -7.827741 1873
-9.058809 14.057250 -3.794603 1874
3.424654 29.480634 6.526866 1875
5.197987 20.466635 4.718608 1876
3.177401 26.127022 6.695161 1877
4.695416 14.886317 12.965699 1878
5.670318 8.629866 3.908111 1879
-9.177933 5.490580 -3.368379 1880
6.215418 28.836570 2.349163 1881
-7.156250 22.687844 5.126716 1882
5.892653 28.510605 -1.382710 1883
-3.199873 20.137999 7.606532 1884
11.344978 5.581638 -4.463706 1885
12.142380 8.695259 -2.377740 1886
10.419013 1.746235 8.154024 1887
-9.103908 1.321987 -3.641837 1888
12.288784 8.386765 -1.804528 1889
4.366665 5.114089 -10.518693 1890
2.027734 20.313017 -4.700940 1891
5.972178 27.072538 -1.181350 1892
5.591453 10.559620 4.062616 1893
5.128548 3.004755 4.819158 1894
6.313598 23.790067 0.215255 1895
5.537784 14.052973 4.162527 1896
3.791591 20.620236 6.248097 1897
6.025790 20.492356 12.282570 1898
-1.000442 12.643077 7.916723 1899
2.501761 19.780276 7.085911 1900
-5.293526 19.002814 6.681126 1901
2.184306 15.754380 7.238519 1902
8.936155 5.738443 -7.782335 1903
-1.996158 15.357180 7.853169 1904
5.439089 22.449908 -2.258978 1905
-4.734484 12.594807 -9.404715 1906
-1.673725 22.124383 7.887453 1907
-2.239933 20.594032 7.818465 1908
3.223231 28.671780 -4.279909 1909
12.235834 9.237194 4.038896 1910
-8.326442 10.269026 3.489184 1911
3.636482 11.611007 -4.051174 1912
10.339880 0.785277 8.271205 1913
3.445591 19.006392 6.511924 1914
-5.010198 16.957532 -9.225346 1915
-0.496108 10.965342 -10.939009 1916
6.274195 12.643761 2.040218 1917
5.067071 13.866008 12.793110 1918
-0.161513 9.433163 -10.979677 1919
-9.079902 6.769851 -3.724293 1920
12.181357 3.478107 4.252296 1921
-8.556833 4.018983 -5.102036 1922
0.984327 28.395703 -4.814468 1923
-9.138434 14.772989 1.505076 1924
11.977368 22.446409 -2.917063 1925
7.082666 9.328055 -9.248659 1926
-7.849088 0.231159 -6.366138 1927
0.405732 18.468650 -4.779880 1928
5.367724 10.727200 -10.150093 1929
-7.950776 19.464872 4.105396 1930
-0.725638 25.379317 -10.905015 1931
8.600472 3.040596 -8.095467 1932
11.853025 17.649055 -3.273979 1933
1.353219 17.471466 -4.800073 1934
10.559982 15.654113 -5.829105 1935
-8.100063 13.637995 -5.965178 1936
3.569610 29.001060 -4.091491 1937
4.931904 5.469209 5.085029 1938
5.680071 16.781764 -1.838397 1939
-8.236531 18.794235 -5.727933 1940
-9.088262 0.903900 -3.695885 1941
3.243146 19.268192 -4.269965 1942
1.526549 25.144834 13.944823 1943
4.953599 11.854080 5.056955 1944
1.287623 13.120266 7.577023 1945
2.287367 2.546483 7.190986 1946
1.971528 17.441324 -4.712839 1947
-9.354714 26.150459 -2.518264 1948
4.744444 6.207212 5.316085 1949
-5.585210 2.838301 6.492627 1950
6.476791 5.638566 12.007022 1951
9.222650 20.035097 9.688706 1952
5.326695 21.972627 -2.430706 1953
-6.663150 18.930313 -7.843090 1954
-1.989157 14.046185 7.854054 1955
5.470271 9.430870 -10.106198 1956
-9.410078 19.244000 -2.123688 1957
4.526767 16.860807 5.561337 1958
-9.339649 19.911800 0.610053 1959
12.492149 3.746311 2.689806 1960
5.974356 20.220815 -9.872845 1961
6.283325 20.409338 1.983484 1962
6.170578 27.903604 -0.546978 1963
-2.813585 24.864591 7.706490 1964
12.364530 5.343011 3.458493 1965
1.895168 28.477219 -11.004121 1966
-3.220311 5.988685 -10.192956 1967
5.872727 6.530420 -1.430034 1968
3.711233 0.255658 -4.004511 1969
11.928317 9.018797 5.092408 1970
-6.347625 8.234125 5.912735 1971
-9.245664 17.593454 1.079843 1972
-8.425453 11.896585 3.306011 1973
-9.468232 5.592083 -1.409245 1974
3.975820 11.784492 6.093540 1975
5.644366 4.637815 3.960031 1976
10.705118 24.969134 7.706128 1977
10.066012 4.492562 8.657084 1978
-5.821439 20.386379 -8.619971 1979
-2.415165 22.502700 7.788805 1980
-6.196647 0.446700 -8.294956 1981
0.188943 4.267395 -11.011111 1982
11.014951 0.919668 7.170865 1983
4.059018 24.260865 -3.763803 1984
-9.138009 1.414379 -3.519760 1985
-6.835114 19.985444 5.463637 1986
-4.736937 13.680973 -9.403173 1987
-8.482293 24.089891 -5.257805 1988
5.804051 10.753167 3.621053 1989
4.747767 0.760021 -3.149568 1990
0.451317 6.557645 -4.785190 1991
2.788155 21.327447 -4.471912 1992
0.779175 16.467624 7.714065 1993
10.538400 26.090791 -5.861428 1994
-0.159194 22.165070 7.872591 1995
-4.531469 3.096904 -9.529106 1996
0.942702 29.142996 14.038500 1997
-1.893125 22.161378 -10.652791 1998
-9.119092 0.415727 -3.588235 1999
