3 1976
0.061178 -0.509815 -0.115286 0
0.408809 -0.50274 0.355076 1
-1.497729 -0.0825 -3.85E-4 2
0.227457 0.446575 -0.034111 3
0.173795 -0.502262 -0.174614 4
-0.428338 -0.26135 0.04208 5
0.522293 0.392434 -0.360272 6
-0.74909 -0.788328 -0.492289 7
0.499619 0.052164 -0.048259 8
-0.687161 0.050479 -0.391518 9
0.65737 0.99738 0.460606 10
1.121953 0.599921 0.419364 11
0.948927 0.308622 0.499995 12
0.889957 1.170482 0.169503 13
0.184475 0.798475 0.466286 14
-0.571248 0.347344 0.374362 15
-0.35682 0.36157 -0.089028 16
0.522135 -0.531567 0.430152 17
0.041666 1.492607 -0.082253 18
-1.376251 -0.249808 -0.301674 19
1.033718 -0.730471 0.42352 20
-0.661797 -0.252614 0.406143 21
0.498666 -1.085169 0.46072 22
0.951446 -0.630227 -0.479636 23
0.029007 -0.528127 0.167591 24
-1.090862 -0.034289 0.491575 25
0.035432 -0.523217 -0.154335 26
0.951127 -0.695156 -0.467211 27
0.79352 -1.23143 -0.183893 28
1.197646 0.342815 -0.435442 29
0.934947 0.898956 0.402222 30
1.098146 -0.99145 -0.141728 31
0.511668 -0.651468 -0.469624 32
-0.57418 0.286917 0.348922 33
1.255815 0.375721 -0.391655 34
-0.500405 -1.409922 -0.062412 35
-0.874311 0.140503 0.48672 36
-1.366759 0.594925 0.096366 37
0.776154 -0.56571 -0.498432 38
-0.653909 0.850851 0.494628 39
0.76294 -0.643911 -0.499997 40
-0.227489 -0.446718 0.03612 41
-0.927875 -1.050824 -0.297518 42
0.418018 -0.57347 0.407061 43
-1.136863 0.846694 -0.275103 44
0.139116 1.243764 -0.432132 45
0.86339 0.7932 -0.469325 46
0.128357 -1.299794 0.395339 47
0.511989 -0.258626 -0.261124 48
0.63396 1.35638 0.052643 49
0.015385 -0.610183 -0.313359 50
0.508384 0.096565 0.131029 51
-0.232068 -0.714919 0.433956 52
0.428205 1.255138 0.378962 53
0.579722 -0.027184 0.271848 54
0.59619 -4.67E-4 -0.294852 55
0.029223 0.598239 0.298598 56
-0.959383 0.476035 -0.494934 57
-1.35612 0.309966 -0.311522 58
0.59522 0.870221 -0.497042 59
-0.504054 0.886308 0.499615 60
-1.086396 0.972752 0.20001 61
-0.196548 0.816041 0.473498 62
-1.161781 -0.155352 0.46944 63
0.736444 -0.130872 -0.431841 64
0.260122 1.260056 -0.40969 65
-0.507479 -0.177219 0.190064 66
-0.689189 0.96008 -0.465764 67
-1.443833 -0.396176 -0.052835 68
-0.629644 -0.144281 0.353069 69
-0.566286 -0.979342 0.482458 70
0.383572 0.500595 0.33702 71
-0.779081 0.245166 0.465207 72
-0.314369 -1.340939 0.328096 73
0.202108 0.473722 0.121688 74
0.667503 -0.765368 -0.499758 75
-0.524034 -0.066526 0.165657 76
0.905858 1.01234 -0.348579 77
-0.908061 -0.715196 -0.475077 78
-0.697663 0.408652 0.461889 79
0.536953 0.2199 0.271659 80
-0.384568 0.643797 -0.432961 81
-0.349741 -0.366435 -0.080671 82
-0.974209 -0.108291 -0.499608 83
-0.5085 -0.9176 -0.497586 84
-0.164523 -0.793676 0.462718 85
0.079969 -1.025973 0.499153 86
-0.184812 0.672205 0.397845 87
-1.47926 0.21951 0.067244 88
-0.353257 0.359375 0.062531 89
0.005046 -0.662454 0.368884 90
0.06372 -0.576733 0.271669 91
-0.334712 -0.544672 0.346255 92
0.785056 -0.439144 0.489803 93
-1.064576 1.051708 0.05934 94
1.250994 0.358712 -0.398941 95
1.359162 0.394895 0.278335 96
0.393514 -0.790556 0.486138 97
-0.558707 1.345892 -0.202293 98
-0.84864 -1.100702 0.313053 99
0.337785 -0.441545 -0.229791 100
-0.203265 1.481716 0.066237 101
0.455149 0.585107 -0.427866 102
-1.029089 -0.928306 0.317908 103
-0.378493 -1.122956 -0.464505 104
-0.152742 -0.47663 0.022479 105
0.634698 0.161485 -0.361827 106
-0.254004 -0.478401 -0.19979 107
-0.734605 -0.633575 0.499104 108
-0.15059 -1.484685 -0.087395 109
0.832655 -0.692424 0.493073 110
1.102562 0.412882 -0.467496 111
0.305878 0.409505 -0.104918 112
0.777481 -0.336073 -0.476018 113
-0.934669 -0.52301 0.494926 114
1.005712 1.021981 0.248559 115
0.811836 1.117748 0.323243 116
-0.522095 -0.055048 -0.156092 117
-0.530062 0.8626 0.499845 118
0.3853 0.935753 0.499857 119
0.65525 0.864357 0.492782 120
-0.59186 0.618791 -0.478897 121
-0.412417 -0.650416 0.444037 122
-0.511529 -0.08916 0.13737 123
-1.009524 -0.478889 0.486034 124
1.238542 0.805065 0.149269 125
0.997941 -0.561595 0.47848 126
-1.0631 0.728478 0.408199 127
-0.12374 -1.402652 0.288885 128
0.016338 -1.075212 0.494292 129
-0.679337 -0.033346 -0.384317 130
0.044418 -0.637603 -0.346101 131
-0.616537 0.211076 -0.358699 132
0.68527 -0.553281 -0.48557 133
-1.423339 0.390355 0.15337 134
1.480093 -0.095066 -0.128736 135
-0.490892 0.489753 -0.39498 136
1.399923 -0.529491 -0.057253 137
0.534546 1.307277 -0.282795 138
-1.101576 0.672468 0.406871 139
-0.038739 -0.548594 -0.217863 140
0.002073 -0.522811 -0.149313 141
-0.087787 0.582895 -0.285419 142
0.554719 -0.255759 -0.313934 143
-0.735421 -0.724782 -0.49894 144
-1.232195 0.274099 -0.425666 145
0.406907 0.306046 -0.095237 146
-0.672034 -1.287429 0.213183 147
-0.842457 -0.470635 0.498774 148
1.325844 -0.511685 0.269495 149
0.305235 -0.682112 0.431438 150
-0.829331 0.596366 0.499538 151
0.125713 -0.561626 -0.264235 152
0.016049 0.51882 -0.136766 153
-0.143466 1.268945 -0.416239 154
0.805971 0.377467 -0.487746 155
0.544876 0.056616 -0.213363 156
-0.458642 -0.258142 -0.16002 157
-0.011615 -1.499073 0.029691 158
0.827063 1.130151 0.299392 159
-1.126194 0.099325 -0.482652 160
0.02887 -0.61225 -0.316507 161
0.033847 -0.511959 0.113602 162
0.467627 0.220345 0.129046 163
1.422991 0.059372 0.264632 164
0.621889 0.176547 0.35357 165
-0.518307 0.163058 -0.203646 166
-1.274993 0.365316 -0.378854 167
-0.703515 -0.696893 0.499905 168
-0.343784 -1.447042 0.111893 169
-0.562059 0.609531 0.469893 170
-1.286378 -0.733017 0.138035 171
1.239142 -0.229837 0.426914 172
1.37926 0.422318 -0.232858 173
-0.524628 -0.060273 -0.1652 174
-0.598707 1.175332 0.384988 175
-0.245068 0.458751 -0.140364 176
0.607002 -1.327837 0.195957 177
-0.500542 0.126921 -0.126943 178
0.635161 1.236897 0.312331 179
0.869818 1.199465 -0.134198 180
-0.514072 -0.031177 0.121619 181
-0.019459 0.886483 0.486993 182
1.366269 0.018094 0.340234 183
0.897219 -0.474925 0.49977 184
1.023352 -0.624452 -0.458767 185
1.056355 -0.064064 0.49659 186
-0.441005 -1.323531 0.306464 187
0.665624 -1.250195 -0.276864 188
-0.327855 -0.676962 -0.434261 189
0.148322 0.540051 -0.237577 190
0.832473 1.246418 0.033811 191
0.426301 0.448141 -0.323219 192
-0.747691 0.501612 -0.489972 193
1.189497 -0.840371 -0.204184 194
-1.06726 0.482846 -0.469703 195
1.281297 0.546758 0.309015 196
0.91114 -0.182757 0.494975 197
0.458906 -0.911187 0.499591 198
0.010714 1.475206 -0.155378 199
-0.009577 -1.270021 0.420796 200
1.396949 0.527167 -0.082731 201
1.485523 -0.170347 -0.068699 202
0.260112 -0.484223 0.217249 203
-0.819058 0.188661 0.473879 204
0.239788 0.43879 -0.005874 205
0.415003 -0.353518 -0.207662 206
0.079315 0.543726 -0.216869 207
-0.221651 0.685533 -0.414567 208
-0.416337 1.377454 -0.239334 209
0.465313 -1.375833 0.212943 210
0.193791 0.733453 -0.437878 211
0.048801 -0.795651 -0.457001 212
-0.81385 -0.206971 -0.473626 213
-0.810991 0.056329 0.463692 214
-0.375571 -0.366001 -0.154332 215
-0.377578 0.769337 -0.479114 216
-0.243216 -0.650354 -0.395696 217
0.438894 -0.523428 0.386736 218
0.601525 0.416059 0.421724 219
-0.315504 -0.402771 0.107222 220
-0.854847 1.047694 0.354908 221
0.578833 0.809302 0.499975 222
0.651259 0.242545 -0.396168 223
-0.280078 0.479918 0.229276 224
-0.708403 -0.569597 0.491649 225
0.840938 0.900531 -0.442852 226
0.27489 -0.518276 0.281342 227
-0.239934 0.505761 -0.237093 228
0.154935 -0.944305 0.498142 229
-1.096506 -0.205453 0.486456 230
0.517035 -0.755169 -0.492758 231
0.251358 -0.462299 -0.159772 232
0.453656 -0.471355 -0.361141 233
0.889653 -0.314374 0.496805 234
-1.381857 -0.472875 -0.194716 235
0.428759 0.322065 0.186904 236
-0.492024 0.181671 0.15457 237
0.821249 0.051027 -0.467559 238
0.664143 -0.594144 -0.488001 239
-0.577161 -0.097605 0.27941 240
-1.335048 -0.605762 -0.181102 241
0.550093 0.7291 -0.492433 242
-0.138079 1.330969 0.368348 243
1.413765 -0.113039 -0.273942 244
0.236235 -1.168314 0.461684 245
-1.23005 -0.306157 -0.422376 246
-0.617732 -1.136118 0.405014 247
1.239067 0.697997 0.267948 248
1.432205 -0.12201 0.242256 249
-0.205098 -0.841872 0.481847 250
-0.359642 -0.98556 -0.497581 251
0.081225 -0.522266 0.166523 252
-0.92105 0.264175 0.498249 253
-1.007304 -0.264823 0.498272 254
0.924999 -0.328474 0.499661 255
-1.314834 -0.358852 0.343927 256
0.453695 1.034275 -0.482963 257
1.097802 0.078351 -0.489776 258
0.622247 0.469311 0.448698 259
0.450266 0.33454 -0.239224 260
-1.26587 0.049774 0.422838 261
-0.337281 1.348313 -0.313066 262
0.635327 -0.381261 -0.427657 263
-0.639677 -1.289716 -0.238159 264
-0.723986 1.313648 -0.007619 265
0.549526 0.150116 -0.254575 266
0.821148 0.678196 -0.495756 267
-0.151952 -0.936396 0.497356 268
0.741201 -0.857298 -0.481907 269
1.026946 1.062088 0.148692 270
1.02416 0.596224 0.464489 271
-1.07814 0.070167 -0.49349 272
-0.498435 -1.365667 -0.209956 273
0.396526 -0.356961 -0.180016 274
0.540337 -0.208296 0.269888 275
0.706195 -0.695411 -0.499921 276
-0.964105 -0.682473 0.466006 277
1.206089 0.848404 0.157342 278
0.615127 -1.016453 0.463273 279
-0.936848 0.67497 0.475475 280
-1.396438 -0.547073 -0.014967 281
-0.476517 0.502695 -0.394384 282
1.293173 0.636963 0.234624 283
0.728299 1.295551 -0.116544 284
-0.039753 -0.820306 -0.466964 285
0.586127 -1.008723 0.471411 286
0.110445 -0.789078 -0.456834 287
0.027984 0.540535 0.198889 288
-0.313666 0.65394 0.417763 289
-1.114532 0.26292 -0.478476 290
0.519808 0.306557 -0.304573 291
0.500692 0.005016 -0.026778 292
1.224831 -0.71817 -0.271522 293
-0.966342 1.147093 0.010963 294
-0.765496 1.274324 -0.115112 295
-0.336959 1.432347 0.166543 296
-0.892277 1.204996 -0.024668 297
-0.875579 -0.327114 -0.495716 298
-0.567965 0.236795 -0.319444 299
-0.147536 -1.324995 -0.372812 300
0.808462 -1.212063 -0.202967 301
-0.399654 -0.326849 -0.126583 302
0.34299 0.378559 0.103508 303
-0.561371 -0.271212 -0.328956 304
-0.075471 -0.846162 -0.476819 305
0.531083 -0.205522 0.25424 306
-0.282021 0.418427 0.067634 307
-1.312596 -0.475369 0.305229 308
-0.763322 0.96431 -0.444032 309
0.65484 1.348305 0.032946 310
0.177639 1.454521 0.182947 311
0.017738 -0.906827 0.491275 312
0.523233 0.781857 0.496481 313
-1.030978 1.056192 -0.153174 314
0.924271 -1.023449 0.326092 315
-1.410117 0.349522 0.212091 316
0.699287 -0.685901 0.49958 317
-0.952797 -0.073679 -0.498028 318
-0.847208 0.238633 -0.48543 319
-0.823994 -1.112282 0.319929 320
0.424058 0.268632 0.044507 321
1.080512 -0.985467 -0.190195 322
-0.515452 -0.001384 0.12335 323
-0.064196 0.833114 0.472194 324
-0.492262 -0.132838 0.098857 325
0.03199 1.452441 -0.21208 326
0.751674 -1.293841 0.060371 327
0.458079 0.216835 0.082226 328
-0.391318 -0.319531 0.071943 329
-0.509176 -1.12886 0.439517 330
-0.401888 -0.463957 0.317587 331
0.396527 0.312005 -0.067373 332
0.275733 -0.499318 0.255807 333
-0.717793 -1.049517 0.419866 334
0.552694 -0.778088 0.497917 335
-0.972337 -0.154098 0.499759 336
-0.505646 0.009845 -0.075555 337
-0.879981 0.658596 0.490072 338
0.534561 -0.851471 -0.499971 339
0.47442 0.43176 0.348512 340
0.595333 0.880699 0.49601 341
0.098494 1.49024 0.080415 342
0.569474 0.825119 -0.499993 343
0.820163 0.128886 -0.470295 344
-0.820256 0.881341 0.456497 345
0.74993 -0.804247 0.489971 346
1.132864 -0.163362 -0.47864 347
-0.493148 -0.082526 0.00226 348
0.236597 -0.443125 -0.048239 349
1.054127 -0.70926 0.420495 350
0.689423 1.288726 -0.192288 351
-0.288382 -1.267282 -0.40024 352
-1.390628 0.13962 0.303148 353
0.705884 0.426217 -0.468218 354
-0.446458 1.099513 -0.463836 355
-0.296242 0.706557 0.441942 356
-1.375821 0.266757 -0.298067 357
-0.580818 -0.486413 0.437309 358
-1.061067 1.023036 0.159349 359
1.326789 -0.029119 0.378153 360
0.081893 0.517474 0.15278 361
1.165936 -0.709025 0.342154 362
-0.59779 -0.077945 -0.303763 363
-0.325485 -0.435311 0.20407 364
-1.189676 0.902095 0.083266 365
0.144932 1.083105 0.49132 366
0.399575 1.138168 0.45547 367
-1.072734 0.913857 -0.2873 368
-0.130779 0.506709 0.150896 369
-0.561632 0.097029 0.255066 370
-0.604618 1.349057 0.145539 371
0.911414 -0.846361 0.436541 372
0.796979 -1.023471 0.402102 373
1.181139 0.456796 -0.423125 374
-0.20864 -0.512512 -0.224735 375
-0.461426 0.46101 0.359273 376
0.673918 0.760321 0.499744 377
-0.462438 0.21758 0.104618 378
0.82062 -1.192862 0.222282 379
0.198029 1.413445 0.259727 380
0.756165 0.610114 -0.499193 381
1.466678 0.174557 0.149812 382
-0.363812 -1.179679 0.441597 383
0.497613 -0.551259 -0.428676 384
-1.192774 0.735538 0.298218 385
-0.591522 0.024714 0.289079 386
-0.553683 0.598916 0.464769 387
-0.26845 -0.696809 -0.431109 388
-1.42717 0.153295 0.245856 389
0.555549 -0.060908 -0.235396 390
-0.470714 -0.880061 -0.499996 391
1.041534 -1.017458 0.205035 392
-0.983296 -1.033105 -0.26137 393
-0.227598 -0.456925 -0.101796 394
0.313399 -0.424487 0.163951 395
-0.573301 -0.418401 0.407124 396
0.946704 0.134192 -0.498075 397
-0.541384 -0.02736 0.20076 398
-1.220926 -0.222285 0.438088 399
0.942438 -0.162139 0.498085 400
-0.943572 0.201644 0.498765 401
1.370057 0.399326 0.260029 402
-0.48445 0.124964 0.017538 403
-0.26215 -0.711838 -0.437851 404
1.33873 -0.019572 0.367648 405
0.184243 0.46784 -0.052954 406
-1.139133 0.029965 0.480138 407
-0.155364 0.552658 -0.261902 408
0.652366 0.023228 -0.359775 409
0.846164 0.679639 0.492668 410
0.522168 -0.790388 0.497215 411
-0.900024 0.197102 0.493776 412
0.64672 0.399782 -0.438804 413
-1.46118 -0.271217 -0.11692 414
0.283819 -0.562347 -0.336205 415
0.284148 0.412302 -0.027055 416
0.321048 -0.417457 0.161007 417
-0.190323 1.451147 0.187347 418
-0.558293 -1.231449 0.355007 419
1.187962 -0.896427 -0.107837 420
0.560117 1.34975 -0.192748 421
-0.511207 1.082491 -0.4595 422
-0.023788 1.393374 0.308379 423
-0.781465 1.27882 -0.03619 424
1.077064 1.014733 -0.140751 425
1.401839 -0.260942 -0.261904 426
-0.285937 -0.94924 0.499926 427
-0.085437 -0.530004 0.188383 428
-1.288834 -0.097491 0.405505 429
1.15425 0.881988 -0.212383 430
0.459469 -1.04075 0.480676 431
0.553055 0.044693 -0.227703 432
1.336415 0.252854 0.346857 433
0.942389 0.083284 -0.497082 434
-0.421056 -0.355604 -0.22026 435
-1.240234 0.837404 0.059294 436
0.919901 0.274797 0.498403 437
0.615078 -1.298899 0.242656 438
0.35595 -1.434929 0.145311 439
0.791275 -0.004561 0.454356 440
0.191835 0.547939 0.272142 441
-1.287403 0.586227 -0.27949 442
0.204044 -0.822397 0.476122 443
0.31301 0.436336 0.188751 444
0.247149 -1.473829 0.074569 445
-0.105263 0.488836 0.006358 446
-0.104238 1.435095 -0.239558 447
0.57096 0.999894 0.476519 448
-0.289547 -1.380821 -0.284957 449
-0.799542 1.267304 -0.039453 450
-0.138743 0.559162 0.265187 451
0.858723 -0.221272 -0.487011 452
-0.590678 0.096086 -0.297911 453
-0.866822 0.33626 -0.495042 454
-4.84E-4 0.649272 0.356357 455
0.202346 -0.488815 0.16792 456
-0.904575 0.010398 0.490821 457
-1.202782 0.597893 -0.363621 458
1.089575 0.575947 0.442691 459
1.361529 -0.628736 -0.017599 460
-0.320325 0.384434 0.019931 461
0.040329 -0.592577 0.291757 462
-0.928192 -0.345945 0.499911 463
0.389103 -0.891593 -0.49926 464
0.261219 -0.435578 0.088537 465
1.286109 0.748306 -0.109044 466
0.003031 1.134525 -0.481562 467
0.319385 0.488412 0.27674 468
-1.00207 -0.126029 -0.499901 469
0.191985 0.935924 0.498008 470
-0.819064 -1.1635 0.266776 471
0.459662 0.550566 0.412357 472
0.982434 0.966691 -0.326956 473
0.981313 -0.331931 0.498707 474
1.01288 0.19224 -0.49904 475
-0.956671 0.060677 -0.498283 476
-1.260986 -0.726008 0.207191 477
-1.440278 0.413102 -0.040585 478
-0.361864 -1.222306 -0.417749 479
-0.523273 -1.349483 -0.223266 480
1.180987 -0.700083 0.333088 481
-0.736434 -0.595292 -0.497177 482
0.896893 -0.687097 0.48285 483
0.331103 -0.394686 -0.122253 484
-1.313394 -0.223645 -0.3736 485
-1.078539 0.906535 0.287725 486
-0.214446 -0.725436 0.436684 487
-0.651588 -0.260987 -0.401427 488
-0.487091 -0.238848 0.201725 489
1.242788 0.277448 0.418644 490
-0.470042 -0.382836 0.308118 491
-0.406868 -0.290965 0.014219 492
-0.459054 -1.257254 0.368048 493
0.632118 -0.686335 0.495501 494
0.411868 -0.647186 0.44246 495
0.521962 1.235451 -0.365501 496
-1.318968 0.54898 -0.2574 497
0.827035 -0.066453 -0.470104 498
-0.511955 -0.142863 -0.174705 499
-0.488364 -0.136082 0.083192 500
-0.384078 -0.32063 0.017873 501
-0.454309 0.239927 0.116542 502
-1.237261 0.711047 -0.260093 503
-0.318676 -0.406484 0.127428 504
0.440409 0.640145 0.447522 505
-0.431418 -0.758679 0.48354 506
-0.418095 -0.285763 0.079886 507
-1.08379 0.90779 0.280736 508
0.623712 -0.00288 -0.329261 509
1.222787 0.015691 -0.447573 510
0.56159 -0.660322 -0.481942 511
-0.767712 0.967725 0.441194 512
-0.966903 -0.222554 -0.499939 513
0.396857 -0.521289 -0.362059 514
-0.344276 -0.362713 0.009303 515
-1.374029 -0.41675 0.245038 516
0.886205 1.136384 -0.235464 517
1.208348 0.888739 0.003561 518
0.812781 0.848318 0.468433 519
-1.305056 0.110056 -0.392547 520
0.617271 -0.283793 0.383673 521
-1.295193 0.054617 0.402716 522
0.662988 -1.336458 -0.089805 523
1.305713 0.428965 -0.33143 524
0.574678 0.695823 0.490393 525
0.892603 1.171251 0.163228 526
0.749882 -1.141099 0.341252 527
0.997139 0.153899 -0.49992 528
-0.521088 -0.074953 0.160472 529
-0.316127 -0.433401 0.187393 530
-0.664165 0.475519 -0.465246 531
-0.444576 1.383371 -0.211526 532
0.543364 -1.003308 -0.479709 533
-0.409569 -0.452512 -0.313312 534
-0.292082 1.015293 -0.496801 535
-0.834061 0.250765 -0.483057 536
0.29127 0.989923 -0.498982 537
0.557053 0.660997 0.481268 538
0.457046 -0.398788 -0.308561 539
0.472306 0.464282 -0.368719 540
0.91835 0.213037 -0.49671 541
1.253345 -0.584387 -0.321552 542
0.408804 -1.442741 -0.021437 543
1.423833 0.415649 -0.128292 544
0.727581 -0.209686 -0.437087 545
0.749874 -0.138202 -0.439995 546
0.598728 0.00875 -0.298383 547
-0.499587 -0.703244 -0.480761 548
-0.219701 -0.560302 -0.302432 549
-0.589703 -0.893828 -0.494958 550
-0.602894 0.480267 0.444375 551
-0.456237 -0.384227 0.295242 552
0.123536 -1.402567 -0.28903 553
1.153992 0.757958 -0.324198 554
-1.223367 -0.590203 0.348747 555
0.774532 1.098098 0.363073 556
1.28342 0.047333 -0.411312 557
0.675887 0.851109 -0.492402 558
0.445038 -0.935227 0.498723 559
0.315138 1.46588 -0.025052 560
0.608987 0.039251 -0.313201 561
0.524556 1.176566 0.408582 562
0.316349 -0.388793 0.035127 563
-0.278924 -0.41505 -0.00808 564
-0.794168 -0.554816 0.499024 565
0.786656 -1.230417 -0.195029 566
-0.243558 0.800818 0.472698 567
0.047427 0.630039 0.338297 568
1.169015 0.321489 -0.452636 569
0.297245 -0.458017 -0.209521 570
-1.457414 -0.324811 -0.082362 571
0.433779 -0.294725 -0.15438 572
-1.238536 0.533436 0.35851 573
0.29276 0.547089 0.325539 574
0.998423 1.049804 -0.220465 575
1.09964 0.4093 0.468991 576
0.648038 0.145334 -0.370398 577
0.996461 0.957125 -0.322993 578
-0.343644 0.453125 -0.252934 579
-1.109347 0.898197 -0.259515 580
-0.230256 -0.963136 -0.499905 581
0.210586 0.474115 -0.135744 582
-0.498634 0.361994 0.320439 583
-0.595288 -0.704022 0.493873 584
0.318429 0.488432 0.275978 585
-1.324963 0.179744 0.369275 586
1.498285 0.062605 -0.020178 587
0.685946 0.119713 0.397209 588
-0.035894 -0.50838 0.097739 589
0.950625 0.905471 0.390035 590
0.072313 -0.558622 0.243471 591
-0.378214 -1.231358 0.408631 592
-0.461947 0.309973 -0.230515 593
0.617527 -0.291031 0.386396 594
-0.346872 1.360424 -0.294661 595
-0.432857 0.364349 -0.247909 596
0.469546 -0.211387 -0.121292 597
-0.520917 -0.876068 -0.49963 598
-0.613418 1.336972 0.167868 599
0.41733 -1.21599 0.410397 600
1.075944 -0.880001 -0.312909 601
-0.692956 -0.081454 0.398285 602
-1.200399 -0.828845 0.198876 603
0.939844 -0.870884 -0.41336 604
-1.333988 0.497141 0.265616 605
-0.083576 0.514182 0.143151 606
0.43113 0.25901 0.05424 607
-0.739112 0.732015 0.498377 608
-0.432035 0.315133 -0.18316 609
-0.10916 0.499791 0.106954 610
-0.801839 -0.397019 -0.488796 611
-0.146997 1.23343 -0.437446 612
-0.50236 0.229234 -0.222409 613
0.162573 -0.50693 0.176957 614
-0.847969 -0.354499 -0.49341 615
0.300636 -1.293046 0.377784 616
0.310057 0.454939 -0.219076 617
0.570315 -1.178641 0.392797 618
-0.604823 0.877157 0.495696 619
0.732389 0.462918 0.481827 620
0.39289 -0.347698 0.155051 621
0.434845 -0.405232 0.292375 622
0.438508 -0.575619 -0.41667 623
-0.382687 -1.152614 0.45166 624
-0.81222 -0.538895 -0.499361 625
-0.040597 0.782229 0.450592 626
0.441981 0.23378 5.65E-4 627
1.071328 -0.107034 0.494088 628
-0.919096 0.221635 0.497014 629
-1.242241 -0.714028 0.250317 630
-0.378942 -0.674075 -0.445648 631
0.125118 -0.895387 0.490714 632
-0.802711 1.266388 -0.025261 633
-0.100991 -1.486927 0.097743 634
0.726138 0.087968 -0.421757 635
-0.587783 0.173463 0.316403 636
-0.284937 0.418244 -0.077738 637
-0.357278 1.415686 -0.195786 638
0.482846 -1.235904 -0.378355 639
0.232941 -0.457351 0.114367 640
-0.450078 0.250819 -0.122537 641
0.369738 0.376949 0.165006 642
0.438867 0.297094 0.170507 643
-0.469503 0.423765 0.338994 644
-0.478823 -0.429078 -0.350018 645
-1.278545 0.343738 -0.380866 646
0.140639 -0.825018 0.472657 647
-0.500555 -0.039638 -0.046017 648
-0.373687 1.380776 0.254389 649
-0.041136 -1.031151 -0.498977 650
0.825433 0.207541 -0.477322 651
-0.592186 -0.962717 -0.482732 652
-0.464916 -0.720372 -0.479225 653
1.323914 0.695568 0.066822 654
0.511982 0.970442 0.490458 655
0.272881 0.571529 -0.339933 656
1.284095 -0.424539 -0.354649 657
1.036664 -0.777461 0.40311 658
0.99803 1.090017 -0.146995 659
-0.32252 1.15557 -0.458374 660
-1.213198 -0.816803 0.189891 661
0.703832 -0.122258 -0.410386 662
0.35045 -0.399081 0.173622 663
-0.421775 -0.32949 -0.184329 664
-0.660541 1.109165 -0.406627 665
-0.483288 0.205855 0.157045 666
1.373701 -0.351002 -0.274616 667
-0.523509 -0.051928 -0.159368 668
1.002734 -0.09638 0.499946 669
-0.461255 -0.236521 -0.134253 670
-0.658541 -0.479674 -0.464403 671
0.506308 -1.376828 0.178712 672
0.42577 0.385028 0.261842 673
0.931813 -1.031093 -0.31319 674
0.707184 -0.64735 0.498294 675
0.098011 0.580227 -0.283944 676
-0.668489 1.314215 0.15775 677
0.178266 0.467876 -0.026177 678
-1.162552 -0.010686 0.472822 679
0.177843 -0.483203 0.12112 680
0.440559 -1.259472 0.371809 681
-0.420577 0.798716 -0.490437 682
1.319142 -0.633178 -0.188189 683
-0.485041 -0.520219 0.408203 684
-0.42347 1.346167 0.284451 685
-0.830777 -0.453422 -0.497125 686
-1.264362 -0.801851 -0.052941 687
1.071815 -1.002827 -0.17652 688
-1.296582 0.525564 0.301261 689
-0.096469 -0.66873 -0.380524 690
1.190767 0.357052 0.436898 691
1.416515 -0.458118 -0.105452 692
-0.589819 0.008226 -0.286005 693
-0.371167 -0.40522 -0.216944 694
0.698055 -0.397839 -0.459754 695
1.251331 0.058937 0.431432 696
-0.506437 -0.070071 0.10552 697
1.349378 0.257918 0.332068 698
0.607286 -0.128232 -0.325751 699
0.812278 -0.062686 -0.464394 700
-0.832074 0.479818 0.498438 701
-1.137903 -0.849793 0.270982 702
-0.529109 -0.203611 0.249907 703
0.56661 1.063952 -0.455853 704
0.024261 1.475437 0.154174 705
0.527144 1.068946 -0.461725 706
1.091881 -0.589663 0.438124 707
-1.049976 0.741902 -0.410378 708
-0.161665 0.734637 -0.434284 709
-1.318332 0.032785 -0.385234 710
0.09949 1.333292 0.369367 711
0.451306 0.343595 0.250396 712
0.476092 -1.201618 -0.405518 713
0.878784 0.169596 -0.48885 714
0.469972 1.302834 -0.319011 715
-0.467438 -0.41588 0.331469 716
-0.479036 -0.159687 -0.070185 717
0.373829 0.341826 0.08067 718
0.654659 0.239281 -0.397746 719
1.397527 0.502845 0.120595 720
0.687643 -0.228687 -0.417366 721
0.744295 -1.301543 0.025887 722
0.794244 1.27049 0.040932 723
0.689746 1.242002 0.270245 724
1.410962 -0.033492 -0.284224 725
1.079745 1.019707 0.120978 726
-1.490956 -0.138156 0.051471 727
0.724073 1.313607 0.007209 728
0.811541 0.082568 0.464806 729
-0.418369 1.439947 0.022511 730
1.403957 -0.526517 0.023699 731
-0.540615 -0.246729 -0.292184 732
-0.019274 0.655254 0.362416 733
0.107484 0.632176 -0.348278 734
-0.477694 -1.300763 0.31817 735
0.193565 -0.494166 0.172567 736
0.546266 1.271426 0.320453 737
-0.08319 -0.859924 -0.481131 738
0.312837 -1.271914 -0.392442 739
0.521311 -1.24516 0.357185 740
1.476973 0.017398 -0.149662 741
0.688302 0.644568 0.496739 742
0.23681 1.143979 -0.470848 743
-0.495947 0.093636 0.068463 744
-1.148431 0.214505 -0.470827 745
0.461824 0.381185 0.298418 746
1.150822 -0.902311 0.190273 747
0.234572 0.457033 0.116304 748
-1.209141 0.811884 0.204145 749
0.836334 -0.649126 -0.496544 750
-0.403231 0.542761 0.380952 751
-0.59761 -0.835187 -0.499272 752
-0.867716 -0.121512 -0.484427 753
-0.25487 0.436895 0.075951 754
-0.795291 -1.194628 -0.246281 755
-1.330384 0.611064 0.18627 756
1.050179 0.677003 -0.433311 757
-0.037627 0.924481 0.49438 758
1.430811 -0.327643 0.176412 759
-1.419 -0.443347 0.114784 760
0.585161 1.131066 0.418587 761
0.115478 -1.287118 -0.40567 762
1.091533 -0.910118 0.269453 763
0.176176 -0.504347 0.181824 764
0.47826 0.152055 -0.042968 765
-0.281272 -0.414368 -0.028523 766
-0.454156 0.235417 0.106828 767
-0.968241 0.7754 0.438383 768
0.430126 -0.255449 0.016194 769
0.849304 0.702911 -0.489391 770
-0.289062 -0.43993 -0.160315 771
-0.872297 1.170558 0.196356 772
1.157639 0.95113 -0.041703 773
-0.348238 0.588594 -0.387399 774
0.170004 0.754779 0.445851 775
-0.717365 0.864494 -0.484541 776
-0.638314 0.097947 0.352891 777
-0.323366 -0.388958 -0.076062 778
-0.582925 0.035292 0.277376 779
-0.169408 -1.397885 0.288867 780
0.296112 1.280239 0.389077 781
-0.466472 0.252511 -0.171771 782
-1.204557 0.025456 0.456121 783
-1.140028 -0.869134 -0.249071 784
1.081087 0.730742 -0.396287 785
-0.136146 -0.69883 -0.408703 786
1.378875 0.468644 0.204339 787
0.193204 -1.323686 0.368715 788
0.063321 -0.779938 0.450217 789
-0.794402 -0.357359 0.483094 790
-0.446526 0.642275 0.450091 791
0.016548 -0.525601 0.158721 792
1.254309 -0.66327 -0.273021 793
0.685692 0.102282 0.39487 794
-0.813538 0.703602 -0.494253 795
0.654489 -0.675574 -0.496461 796
-0.657005 -1.224312 0.313564 797
-1.036248 0.992593 -0.246632 798
0.569308 -0.941773 0.489801 799
0.219879 -0.455081 0.073397 800
-1.313728 -0.132897 -0.383826 801
0.850943 -1.063081 0.345207 802
-0.271481 -0.439787 0.128638 803
-0.148399 1.383048 -0.311656 804
1.046236 1.052051 0.126556 805
1.351473 -0.065805 -0.354032 806
-0.317392 -0.426887 -0.175865 807
-0.495374 1.314788 -0.293197 808
0.168687 0.580005 -0.305309 809
0.176689 -0.888896 0.491139 810
0.35779 0.411922 -0.208645 811
0.144626 -0.874095 -0.486826 812
0.500929 -0.564841 -0.435843 813
-1.454081 -0.364095 0.032052 814
0.444186 0.659456 0.456087 815
-1.05984 1.004412 -0.195552 816
-1.3133 0.56399 -0.256356 817
-0.70411 0.245392 -0.43047 818
-0.504467 -0.172177 0.178741 819
-0.741036 -0.148525 -0.436295 820
0.26641 1.084731 0.486126 821
1.277837 -0.75009 -0.133953 822
-0.950441 -0.464361 -0.496646 823
1.440823 0.10251 -0.229022 824
-1.028242 -0.562596 0.469452 825
-0.630482 -0.286853 -0.394396 826
0.297382 -0.979448 -0.499443 827
0.861441 -1.206637 0.13082 828
0.949854 -0.438214 -0.497873 829
-1.433408 0.412733 0.09102 830
0.686631 -0.227713 0.416528 831
-0.104848 1.199643 -0.456394 832
0.194236 -1.290993 0.395798 833
-0.277862 -1.363913 0.31047 834
0.736958 0.203697 0.441115 835
1.457499 -0.349992 0.032665 836
-1.357874 -0.52677 -0.204044 837
-0.16739 1.23301 0.436243 838
0.959946 0.451976 0.496262 839
1.230086 0.168606 0.437762 840
1.458478 -0.134259 -0.184675 841
0.06889 0.524535 -0.167916 842
0.119141 0.862194 -0.482908 843
1.14712 0.827949 -0.279324 844
0.36612 1.314025 -0.342707 845
-0.486218 -0.66201 -0.467006 846
-0.872659 0.149024 -0.486664 847
-1.437656 -0.406342 -0.07737 848
0.843719 0.570514 0.499658 849
0.894291 -0.822536 0.451395 850
0.457969 0.243832 -0.135941 851
-0.745845 1.300927 0.020852 852
0.844461 1.109852 -0.307079 853
0.280425 -0.684763 -0.427058 854
-0.540732 0.510516 -0.429285 855
0.200268 -0.502265 0.19764 856
0.772291 -0.730425 -0.496016 857
-1.042984 0.841627 0.366415 858
1.347199 0.05258 0.358803 859
1.243451 0.611399 -0.318256 860
0.120751 1.402796 0.289049 861
-0.008884 -0.926294 -0.494544 862
-0.521606 1.396345 -0.096561 863
-1.098165 -0.056974 0.489971 864
-0.753038 -0.190419 -0.447387 865
-1.334475 -0.021477 -0.371498 866
0.370372 1.130642 -0.462592 867
-0.288596 -0.621987 -0.388847 868
-0.562334 0.053451 -0.246294 869
0.253248 0.638302 0.389675 870
0.822197 -0.581079 0.499954 871
-1.457213 -0.343976 -0.052264 872
0.183912 0.46551 0.022865 873
0.431121 -1.358895 0.26235 874
-0.86062 -0.437083 -0.498791 875
1.384797 -0.510576 0.153286 876
-0.460121 -0.376314 0.292399 877
-1.443116 0.405227 0.032678 878
-1.403337 -0.268454 -0.257186 879
-1.105414 0.006292 0.488758 880
1.139231 -0.242847 0.472051 881
-0.866869 -0.446921 0.499389 882
-0.726499 0.288764 -0.449869 883
0.684328 0.998857 0.453394 884
-1.20057 -0.699539 0.313506 885
-0.961038 -0.994069 -0.321818 886
-0.966118 -0.470574 0.494399 887
-0.540373 1.103189 -0.444772 888
-0.309826 -0.86703 -0.493675 889
0.173508 0.948097 0.498691 890
0.196253 0.730799 0.436808 891
-1.090271 -0.225891 -0.486965 892
-0.643132 0.046445 -0.351906 893
-1.266628 -0.546793 -0.325415 894
0.504017 -0.069456 -0.093288 895
1.207047 -0.012839 0.455086 896
0.379954 -1.173148 -0.442317 897
-0.495222 -0.113706 -0.08968 898
0.296346 -0.50779 0.283205 899
-1.076772 0.52164 -0.459781 900
-0.925528 0.326089 0.49965 901
-0.239891 0.534164 -0.279711 902
-0.444763 0.379058 0.277956 903
-0.573326 -0.150423 0.290055 904
0.760671 -0.4818 -0.489983 905
-0.229162 -1.011494 0.49862 906
-0.466745 0.203545 -0.095456 907
1.155296 -0.899563 0.185756 908
-0.336094 -0.643637 0.418307 909
-0.426651 0.335686 -0.20258 910
-0.315467 1.241774 0.41342 911
-0.075633 0.494338 -0.009524 912
0.919304 -0.157508 0.49545 913
0.285919 -0.443187 0.163284 914
-0.584757 -0.649877 0.483924 915
-0.494285 -0.480468 -0.391765 916
-0.533782 -1.320438 0.264602 917
-0.07143 -0.597301 -0.302064 918
-1.252259 -0.81622 0.072059 919
-1.193912 -0.869411 -0.15015 920
0.240627 0.449931 -0.100648 921
1.306194 -0.42812 0.331212 922
0.579846 -1.303374 -0.260896 923
-0.870328 -0.759184 -0.475396 924
0.365289 0.365705 -0.128862 925
-0.251767 1.33575 0.347742 926
0.500032 -1.110885 -0.449859 927
-0.429852 -0.280305 0.114004 928
-0.373773 0.606361 0.408941 929
0.198426 0.816774 0.473888 930
-0.678615 -1.060612 -0.42761 931
-1.306487 -0.736275 0.018157 932
-0.321264 0.594214 0.380395 933
0.096559 0.761228 0.442565 934
0.522584 -1.098208 -0.450839 935
0.615313 -0.3079 0.390752 936
-0.115027 -0.493208 -0.080017 937
-0.94453 -0.784573 -0.445051 938
-0.280628 0.660188 0.412447 939
1.356485 -0.190752 -0.336489 940
-1.086595 0.978653 0.190362 941
0.122883 0.611902 -0.329716 942
1.498423 -0.064205 0.014228 943
-0.980311 -0.743189 -0.443867 944
0.773628 -0.228759 -0.461141 945
-0.320544 0.386557 0.046538 946
0.716458 0.246288 0.437317 947
0.707363 -0.444834 -0.472202 948
-0.477281 0.152421 -0.032055 949
-1.184896 0.917337 0.038771 950
1.122481 -0.168714 -0.481405 951
-1.374607 -0.359499 0.269989 952
1.167379 0.764829 -0.305761 953
-0.074054 1.487971 0.100417 954
-0.453451 0.495956 -0.377384 955
0.557454 -0.352631 0.366257 956
-0.564969 -0.582908 0.463216 957
-0.207968 0.540585 -0.270064 958
-0.573306 0.523874 0.447322 959
0.472008 0.164974 0.002739 960
0.384495 0.755301 0.476188 961
0.986933 -0.370377 0.49706 962
0.653702 0.065359 0.363764 963
1.098985 -0.194705 0.486334 964
0.122408 1.494986 0.003331 965
1.044327 0.358955 -0.489002 966
0.190573 -0.74506 -0.443464 967
-0.643021 0.701706 0.497668 968
-0.241129 0.500435 0.22895 969
0.706653 -0.993436 -0.449425 970
-0.705267 0.568384 0.491045 971
-0.731359 0.631132 -0.498845 972
0.351007 -1.372923 -0.275757 973
1.442026 -0.046424 -0.232276 974
-0.464344 -0.634669 -0.452077 975
-0.734229 0.235374 0.444494 976
1.185871 -0.550509 -0.394325 977
-0.068529 1.373334 0.33067 978
0.014925 -0.819379 -0.466289 979
0.375461 0.924535 0.499995 980
0.998385 0.015487 0.499998 981
0.119279 0.529398 -0.202109 982
-1.010266 -0.198779 -0.499121 983
0.514983 -0.024391 0.123765 984
-0.254087 0.504181 0.245796 985
-0.114328 0.937673 0.496923 986
-0.058539 1.143722 0.478447 987
0.314979 0.953219 0.499985 988
-0.626595 1.350453 -0.105519 989
0.63269 1.048446 -0.446738 990
0.93757 0.360027 -0.499981 991
-0.525612 -0.325838 0.3231 992
-0.395753 -0.327101 -0.115128 993
-0.463933 -1.303965 0.320181 994
-0.38573 0.367895 -0.178748 995
0.033113 1.499613 -0.00459 996
0.366042 -0.559825 -0.37464 997
0.200652 -0.513264 -0.220184 998
0.255645 0.74871 0.454293 999
-0.616519 1.060369 0.445719 1000
-0.654284 -1.225833 0.313492 1001
0.280726 -0.991154 0.499091 1002
-1.275419 -0.757544 0.127652 1003
0.417548 -0.449098 0.316858 1004
-0.49461 -0.079349 -0.030553 1005
0.564025 -0.126905 0.268369 1006
0.652806 0.785589 0.499541 1007
0.296159 0.405357 0.044906 1008
1.19946 -0.89786 -0.041382 1009
0.092388 0.834988 -0.473737 1010
-0.988318 -0.981575 0.309199 1011
1.063793 0.200968 -0.493128 1012
1.393982 -0.533988 -0.084786 1013
0.074524 1.49203 -0.07793 1014
0.51985 -0.146508 -0.196196 1015
0.989055 -1.12627 -0.033083 1016
-0.395056 0.408105 -0.251739 1017
-0.5247 -0.143412 -0.204975 1018
0.086146 1.482367 -0.122079 1019
-0.742709 0.072467 -0.430817 1020
-1.039268 -0.417883 -0.485353 1021
0.113945 -0.518671 0.173426 1022
-0.932129 0.747806 0.460398 1023
0.168876 0.531658 0.233431 1024
-0.521998 -0.437198 -0.384935 1025
0.677595 0.107303 -0.389138 1026
0.524656 0.810595 -0.498813 1027
-1.298662 -0.408783 -0.345446 1028
0.316114 -1.43417 -0.17441 1029
1.270881 0.598178 -0.29374 1030
-0.461336 1.08954 0.465234 1031
-0.472432 -1.286118 0.336146 1032
0.23631 1.089782 0.48657 1033
0.325411 -0.419241 0.172537 1034
0.162806 0.653087 -0.378311 1035
-0.320449 -1.4638 -0.039149 1036
-0.142501 1.051467 -0.496255 1037
-0.88826 0.102921 0.488679 1038
0.440941 0.502464 -0.374314 1039
-0.493931 1.148009 -0.433153 1040
-1.313749 0.512375 -0.285996 1041
-1.317361 -0.023115 -0.386204 1042
-1.124735 -0.292121 -0.473011 1043
0.042278 1.312858 0.389478 1044
-0.668311 0.358136 0.437657 1045
-0.946675 0.314484 -0.499994 1046
-0.619969 -0.969793 -0.476646 1047
-1.058532 -0.895458 0.317223 1048
-0.366756 -1.044769 0.488357 1049
1.085015 0.564708 0.44743 1050
0.245685 -0.761025 0.458126 1051
0.096854 -1.256029 0.42723 1052
-0.425573 1.26129 0.374618 1053
-0.464253 0.286907 0.208949 1054
-0.052566 -1.389039 0.312849 1055
-1.018602 0.288754 -0.496538 1056
-0.5565 1.109577 -0.437914 1057
0.425253 0.320332 0.177068 1058
-0.654876 0.457504 -0.457757 1059
-0.947097 0.609206 -0.483835 1060
-0.512507 -0.298485 -0.29056 1061
0.848506 -0.136493 0.479829 1062
-0.973681 1.096702 -0.179772 1063
-0.309509 0.401937 -0.085104 1064
-0.42802 -0.309153 -0.164954 1065
-0.547679 1.156437 -0.414537 1066
-0.441363 0.897385 0.5 1067
1.468979 -0.124154 -0.158489 1068
-0.627495 -0.584657 -0.47931 1069
-0.413447 0.330331 -0.168378 1070
0.500583 1.409328 -0.066265 1071
0.822237 0.337573 -0.487486 1072
0.14393 -0.481403 0.049521 1073
0.502369 0.014779 0.050788 1074
-1.046284 -0.634826 -0.447111 1075
-0.019801 -0.901678 0.490281 1076
-0.502564 -0.031671 -0.059564 1077
-0.731985 1.039038 0.420199 1078
-0.816361 -0.771144 -0.484637 1079
0.735323 -1.207814 -0.280302 1080
-0.651138 0.312905 0.415871 1081
0.422535 -0.286696 -0.102493 1082
1.228186 -0.443647 0.395539 1083
-1.436296 -0.23113 -0.2078 1084
-0.567075 1.379947 0.089521 1085
-0.521667 -0.125449 -0.187627 1086
-0.847394 0.897593 -0.441651 1087
-0.226228 -0.471722 0.150424 1088
-0.400163 -0.438353 0.29118 1089
0.564159 0.628997 0.475347 1090
0.246918 -0.629124 -0.380687 1091
-0.457693 -1.420417 -0.087207 1092
-0.40437 0.314041 0.108852 1093
0.452878 -0.749258 0.48425 1094
0.726206 0.578705 0.494874 1095
0.399299 -0.404628 0.252559 1096
-0.473401 0.252166 -0.187217 1097
-0.749229 1.174315 0.309154 1098
-0.311184 1.382178 -0.276222 1099
-0.488166 -0.193976 -0.157012 1100
0.672864 1.135029 -0.384617 1101
-0.991693 1.124677 0.023418 1102
-0.200063 -0.693723 0.415588 1103
1.007438 -0.326532 -0.496503 1104
0.737598 1.244309 -0.225033 1105
0.070431 -0.530086 -0.183133 1106
0.116639 1.272323 -0.415819 1107
-0.82574 -0.123962 -0.471988 1108
-0.614187 -0.933931 0.485928 1109
-0.147047 -0.619862 -0.343916 1110
-0.351926 0.748307 -0.469092 1111
1.130869 -0.047464 0.482298 1112
0.791741 -1.273725 -0.016032 1113
0.761296 -0.322568 0.469049 1114
0.638963 -1.136496 0.397121 1115
-1.026853 -0.065293 0.499163 1116
1.315222 -0.438861 -0.317192 1117
0.042254 -1.486066 0.114699 1118
1.002175 -0.824998 0.401443 1119
-0.118256 -0.573855 0.280236 1120
-0.529572 -1.051307 -0.467564 1121
-0.521955 -1.392443 -0.113035 1122
-1.433566 -0.380407 0.128599 1123
-1.252835 0.543704 0.340946 1124
0.73069 1.147225 -0.346821 1125
-0.856213 -0.358275 -0.494811 1126
0.375908 -1.143021 0.456827 1127
0.717045 0.966481 0.456746 1128
0.464911 0.278819 0.200839 1129
-0.75428 0.537792 0.494549 1130
1.229657 0.759258 -0.227639 1131
-0.313272 -1.411743 -0.225853 1132
0.30699 -0.987624 -0.498827 1133
-0.453907 -1.40446 0.153089 1134
1.052623 0.823596 0.369789 1135
0.441231 -1.396416 -0.185123 1136
-1.228644 0.631402 -0.323331 1137
-1.141051 0.866219 -0.25072 1138
-0.106965 -1.487815 -0.090968 1139
-1.298469 -0.60111 -0.253696 1140
-0.271403 1.459808 0.122258 1141
0.514885 -0.62359 0.461951 1142
-0.671178 -0.413654 0.453023 1143
1.350408 0.321175 0.315273 1144
-0.424176 -0.391217 -0.266656 1145
-0.140763 -0.932444 -0.496741 1146
0.419774 0.283659 -0.081146 1147
0.570076 1.233702 0.347973 1148
-1.44086 0.40027 0.067488 1149
-1.320641 -0.564283 -0.244497 1150
-0.673709 0.481414 -0.469498 1151
-0.808634 0.504403 -0.497791 1152
0.506437 -0.557465 0.43482 1153
0.848109 1.202601 0.166179 1154
-0.753814 0.760085 0.495005 1155
0.729699 -0.132836 -0.428108 1156
0.551684 -0.229184 0.296495 1157
0.53208 -0.092581 0.196134 1158
-1.217844 0.215655 -0.440375 1159
0.579162 -1.123291 0.424742 1160
-0.619207 -1.244261 -0.313113 1161
-0.673776 1.106427 -0.403382 1162
-0.850985 -0.649659 -0.494987 1163
1.120729 0.524419 0.440071 1164
-0.426076 0.382437 0.259375 1165
-0.592742 1.350598 0.156297 1166
-1.125458 -0.504793 -0.44214 1167
0.529772 -0.483883 -0.412543 1168
0.796132 -0.715507 0.495018 1169
1.024598 1.091478 -0.054338 1170
-1.343895 0.66289 -0.038807 1171
-0.21537 -0.496591 0.198943 1172
1.295278 -0.681746 0.186947 1173
-1.059123 0.451495 -0.476545 1174
-1.459524 0.344239 -0.020728 1175
-0.106586 -1.040921 0.497846 1176
0.703222 -0.760428 -0.498721 1177
-0.2681 -1.299801 0.378107 1178
-0.484682 0.687942 -0.474224 1179
-0.214257 -0.688731 0.415114 1180
-0.683813 -1.141835 0.37481 1181
-0.081696 -1.353847 -0.350776 1182
-1.367499 0.596107 0.090309 1183
0.130989 1.355077 -0.345536 1184
0.680368 0.129748 -0.394364 1185
0.403751 -0.879365 -0.498951 1186
0.352489 -0.360124 -0.062507 1187
1.218449 0.168456 0.443939 1188
-0.927818 0.645211 0.482775 1189
0.385462 0.390054 0.214573 1190
0.155425 1.453626 -0.191409 1191
-1.423194 0.414142 -0.132128 1192
-1.33946 0.569718 0.206012 1193
1.416668 0.209153 0.251704 1194
0.222083 -0.954778 0.49961 1195
-1.24396 0.168255 -0.429917 1196
0.861344 -0.453124 -0.499284 1197
-1.301304 -0.67022 0.186892 1198
0.020063 0.543918 0.205734 1199
0.183731 1.011203 0.499229 1200
0.352723 0.714719 0.456944 1201
0.714445 -0.496007 0.482735 1202
-0.586481 -0.453166 0.427788 1203
-1.274732 0.128289 0.413452 1204
-0.638493 -1.277864 -0.25766 1205
0.578731 -0.029446 0.270485 1206
0.748765 0.038595 -0.432874 1207
-0.626947 -0.408122 0.4319 1208
0.951104 -1.156999 0.047416 1209
0.356174 1.450206 0.081555 1210
0.506638 0.197358 -0.204473 1211
0.516145 0.536143 0.42962 1212
0.218642 1.352166 -0.336601 1213
0.662846 -0.404917 -0.447386 1214
0.576617 -1.133626 0.419642 1215
-0.532551 -0.134152 -0.216259 1216
-0.702555 0.219372 -0.424627 1217
-1.162919 0.925137 -0.117404 1218
1.216932 -0.077126 -0.449305 1219
0.48296 0.464211 0.375529 1220
-0.170533 -1.378815 -0.313735 1221
-1.083579 0.473306 -0.465528 1222
-0.619733 -0.407661 -0.428169 1223
-0.82678 0.687236 -0.494326 1224
-1.173573 -0.033711 -0.468726 1225
-0.415182 1.040274 -0.48537 1226
-1.379304 0.589447 0.004901 1227
0.466934 -0.421137 0.334974 1228
0.715626 -0.72571 0.499631 1229
0.573799 -0.049658 0.264908 1230
0.318812 0.989879 -0.498401 1231
0.659055 -0.133807 0.377815 1232
-1.142929 0.731453 -0.350125 1233
-0.320176 0.432505 -0.191485 1234
-0.13117 0.499826 -0.128337 1235
-0.27822 1.46413 -0.09786 1236
-0.001834 0.527235 -0.162778 1237
-0.232338 0.480276 -0.179995 1238
0.436011 0.408845 -0.296925 1239
-0.477736 -1.401734 -0.136846 1240
-0.261308 -0.56046 0.323061 1241
-0.252436 0.439659 0.083228 1242
0.257475 0.478657 -0.204009 1243
-0.4312 0.270115 -0.093491 1244
0.766908 -0.627244 -0.499914 1245
0.459279 -0.57165 -0.422928 1246
0.408518 1.164482 0.441832 1247
-0.378727 -0.326965 -0.018435 1248
-0.414913 -0.377416 -0.239126 1249
-1.458678 -0.114966 -0.188268 1250
-0.069906 -0.935128 -0.496108 1251
-1.110571 -0.283319 0.478166 1252
-0.059078 0.548973 -0.222314 1253
0.57866 0.399652 0.402421 1254
-0.27102 0.845174 0.487194 1255
0.370139 -0.36442 -0.138021 1256
0.589411 -0.510748 0.448958 1257
0.464821 -1.124261 0.450668 1258
1.171231 -0.754999 -0.308493 1259
-0.810977 0.603797 0.499878 1260
0.952313 -1.155708 0.049756 1261
-0.578212 0.110544 0.284288 1262
-0.158656 1.080295 0.491485 1263
-0.657723 -0.644596 -0.493708 1264
-0.214959 -1.481282 -0.056497 1265
0.497871 -1.373621 -0.19344 1266
-1.313834 -0.386361 -0.336891 1267
0.507764 -0.025581 0.091308 1268
1.207545 -0.642784 0.338526 1269
-0.32651 0.378788 0.009463 1270
-1.310726 0.488995 -0.301368 1271
-0.547237 0.159583 0.255199 1272
1.423445 -0.176242 0.247732 1273
0.197791 0.460496 0.034277 1274
-0.263674 -0.776793 0.466601 1275
0.501002 -0.029321 -0.043078 1276
-0.785925 0.979102 -0.429781 1277
0.076005 0.588764 -0.291341 1278
-0.052548 -0.502926 0.075046 1279
-0.268025 0.428982 -0.076126 1280
-0.515532 0.059248 -0.136262 1281
1.104022 0.940974 0.216662 1282
0.451763 -0.30218 0.204 1283
-0.099655 1.49415 0.050237 1284
0.896655 0.466432 -0.499885 1285
0.091485 -1.376212 -0.325837 1286
-0.177131 1.317336 0.376341 1287
0.826571 0.792204 -0.478542 1288
0.253352 -0.431062 0.001129 1289
0.386155 -0.367091 -0.178101 1290
0.52807 1.093792 -0.451608 1291
1.419405 -0.468624 -0.072169 1292
-0.252634 1.431062 0.21123 1293
-0.446484 0.392778 -0.292748 1294
1.328779 -0.405985 -0.313616 1295
-0.010134 -0.658222 0.365022 1296
-0.908335 0.551454 -0.496062 1297
0.464363 0.185474 -0.005809 1298
-0.967448 1.010821 -0.301085 1299
-1.468924 -0.039078 0.172113 1300
0.310565 0.474406 0.250056 1301
0.133042 -1.356212 0.34414 1302
-0.213566 0.465074 -0.107831 1303
0.007372 1.029589 0.499122 1304
0.443917 -0.977791 0.494517 1305
-0.365768 0.34684 0.063651 1306
-0.929997 0.461959 0.498522 1307
0.050537 -0.517849 0.141054 1308
-0.654658 -0.18081 0.383493 1309
1.043945 -0.170726 -0.496646 1310
-0.490775 1.16608 -0.423905 1311
0.644581 0.304845 0.40945 1312
-1.479888 -0.145901 0.113002 1313
-0.865638 0.259383 0.490632 1314
-0.905943 0.68377 -0.481424 1315
-0.997298 0.257528 -0.499099 1316
-0.64076 0.398999 0.435767 1317
0.387289 -1.312162 -0.338356 1318
-1.451535 -0.258859 0.157829 1319
0.32197 0.944768 -0.499996 1320
0.445806 -0.25015 0.105201 1321
-0.915212 -0.797242 -0.452004 1322
1.002081 -0.845904 0.391206 1323
-1.054451 -0.626386 -0.445771 1324
1.141558 -0.660069 0.385305 1325
0.505835 0.031885 -0.082416 1326
-0.720768 -0.102253 -0.419533 1327
1.024727 0.400315 0.489868 1328
-0.523849 -0.032313 0.155651 1329
-0.623775 -1.048162 -0.449132 1330
-0.251652 -1.337844 -0.345626 1331
-0.133573 -0.559903 -0.264381 1332
-0.003429 -1.354025 -0.353077 1333
0.771942 0.53138 -0.496035 1334
1.362915 0.326611 -0.297985 1335
0.228186 1.094631 -0.485837 1336
0.138684 0.526189 0.205446 1337
-0.300906 -1.18478 0.447818 1338
1.141782 -0.801014 0.306893 1339
-0.455183 0.941106 0.497934 1340
-0.489363 -0.140271 -0.094804 1341
0.321657 1.384642 0.268937 1342
-0.283173 0.42307 0.094921 1343
0.771005 0.741471 0.49512 1344
0.884704 -0.729753 0.477952 1345
0.310656 0.644566 -0.411184 1346
1.009362 -1.102631 -0.071505 1347
-0.06387 0.640931 0.351196 1348
-0.42956 -0.54057 -0.392665 1349
0.655564 1.157959 -0.37506 1350
-0.914272 -0.946486 0.387523 1351
0.838088 -0.602356 -0.498969 1352
0.488048 -1.126947 0.444945 1353
-0.743419 0.695491 -0.499675 1354
-1.145964 0.764691 0.327662 1355
0.54123 1.398898 -0.007174 1356
-0.683481 0.008388 0.387102 1357
-0.5187 1.259021 -0.345231 1358
-1.035566 0.571435 0.465399 1359
0.480694 -0.29751 0.247078 1360
-0.393512 0.767294 -0.48067 1361
0.905462 0.535062 0.497316 1362
-0.902335 -0.910031 -0.413196 1363
-0.426841 0.289189 -0.123846 1364
0.844679 -1.085175 -0.330528 1365
-0.16264 -0.903078 0.493165 1366
0.569401 0.814864 -0.499965 1367
1.309764 -0.431379 -0.326157 1368
0.487298 0.477723 0.386179 1369
-0.253119 -0.841405 -0.485051 1370
0.192945 0.891794 -0.492271 1371
1.281189 0.234516 0.398131 1372
-1.113648 0.952819 0.182175 1373
-0.277308 0.825134 0.482935 1374
0.065448 0.661214 0.370679 1375
0.991645 -1.073326 0.192886 1376
1.44628 -0.391135 0.041954 1377
0.082431 1.319062 0.38282 1378
-0.655342 -0.145696 -0.376808 1379
0.512179 0.087159 -0.138421 1380
-0.332905 -0.440064 -0.221621 1381
-0.471991 -0.704466 0.476326 1382
1.152753 0.730179 0.342202 1383
1.084403 -0.54073 -0.452952 1384
0.636845 -1.019023 0.457531 1385
0.549118 -1.07327 0.455778 1386
-0.12517 0.497624 -0.113809 1387
0.245763 -0.73398 0.446025 1388
-1.020579 -0.533456 -0.476467 1389
-0.989763 -0.238408 -0.499673 1390
0.483032 0.328533 0.277641 1391
0.693456 0.852481 -0.490119 1392
0.425462 -0.521812 0.378489 1393
-1.471041 0.283479 -0.043479 1394
-0.968238 -0.282366 0.499927 1395
0.703334 -0.10767 0.408392 1396
1.469531 -0.068922 -0.167395 1397
-0.63205 -1.037239 0.451585 1398
-0.304692 0.472579 -0.241679 1399
0.072644 0.726006 0.420596 1400
-0.741748 0.146594 0.436475 1401
-0.87714 0.715268 0.482315 1402
0.386498 0.43768 0.277244 1403
0.878328 -0.183168 -0.489323 1404
0.821248 -1.03527 0.382975 1405
-1.053911 -0.510103 -0.469898 1406
-0.728406 0.279563 0.449103 1407
0.993211 0.002715 0.499954 1408
-0.922211 1.030677 0.321387 1409
0.688533 -0.882637 -0.485527 1410
-1.224079 0.652065 0.316686 1411
-0.313356 0.930557 0.499672 1412
-0.766122 -0.249426 0.460704 1413
0.834892 -1.243246 0.049274 1414
1.491018 0.099765 -0.07494 1415
0.164744 -0.601728 -0.329436 1416
-1.271274 -0.004728 0.420007 1417
-1.080571 0.82724 -0.346085 1418
-1.314806 0.364896 0.342255 1419
0.858448 0.680717 -0.490778 1420
0.336161 0.518653 -0.322686 1421
1.276963 0.057789 -0.41541 1422
-0.479906 0.153213 -0.061281 1423
1.093819 -0.678872 0.409172 1424
-0.482651 -0.130963 -0.01015 1425
-0.032642 0.53719 -0.191633 1426
-1.033985 -0.574503 -0.465359 1427
-0.231472 0.792693 0.468672 1428
-1.04677 -0.068363 -0.497593 1429
0.469062 -0.222533 -0.137132 1430
-0.512948 -0.992112 -0.486149 1431
0.36346 0.787323 -0.482033 1432
0.551972 -0.26988 0.318317 1433
1.457913 0.042918 0.199341 1434
-0.264273 -0.545389 0.307895 1435
0.216272 -1.441583 0.201237 1436
-0.112687 -0.511607 -0.152645 1437
1.113717 0.304855 -0.47547 1438
-0.504954 0.948294 0.49444 1439
0.005687 -1.263195 0.425113 1440
1.013201 0.052604 -0.499788 1441
0.291215 -1.246481 -0.414214 1442
-0.333299 -1.306704 0.358495 1443
-0.361741 0.706768 -0.455575 1444
-0.226779 0.463424 -0.12523 1445
1.288461 -0.767995 0.004121 1446
-0.617335 -1.058998 -0.446112 1447
-0.110687 -0.492364 0.068048 1448
0.687355 -0.820316 0.495044 1449
-1.060668 -0.990012 0.216055 1450
0.479326 -1.401357 0.136296 1451
0.154015 -0.790354 0.460501 1452
-1.481037 -0.016204 0.136082 1453
-0.586053 -0.661807 0.486357 1454
-0.366676 0.440452 -0.260309 1455
-1.014432 -0.734009 -0.431773 1456
0.542994 -1.238633 -0.354678 1457
-1.28296 -0.431192 0.353625 1458
0.444821 -0.238833 -0.069706 1459
0.232621 0.623638 -0.37173 1460
0.183071 -1.373297 0.318484 1461
1.141924 -0.276636 -0.468392 1462
-1.024368 -0.57109 -0.469189 1463
0.52772 0.363529 -0.347829 1464
0.771501 -0.528967 0.495812 1465
0.029368 -0.530652 0.174567 1466
1.203709 -0.469266 -0.405915 1467
-1.291767 -0.662275 0.214518 1468
1.491493 0.147046 -0.035695 1469
0.822599 1.062965 -0.362775 1470
0.044857 1.345053 0.36114 1471
-1.175383 -0.656603 0.360615 1472
0.978 0.997282 0.304217 1473
-0.692639 -1.091916 -0.405105 1474
0.844801 0.043054 -0.47566 1475
0.249869 1.143998 -0.469862 1476
-0.578829 -0.742247 0.496538 1477
0.873098 -0.97608 0.392623 1478
-0.225669 -1.427233 0.228051 1479
0.075655 1.489922 0.089953 1480
0.546236 0.296027 0.326468 1481
0.479504 -1.106901 0.455457 1482
-0.143003 0.679721 0.395893 1483
0.90959 0.374019 0.499727 1484
0.245679 0.438334 -0.049829 1485
0.537003 0.155349 -0.235665 1486
-0.627532 -0.692247 -0.495671 1487
-0.20901 0.464241 0.095071 1488
-0.683541 0.163257 -0.40206 1489
0.922634 0.134386 0.495405 1490
-0.695117 -0.506506 0.480023 1491
0.441127 -1.152302 -0.441942 1492
-1.129027 0.863391 0.269242 1493
0.768228 0.030196 -0.443347 1494
-0.559798 -1.207683 0.374649 1495
1.012666 0.142736 -0.499486 1496
1.1545 0.154245 -0.472075 1497
-1.001131 -0.412138 -0.493122 1498
1.314491 0.56395 -0.254542 1499
0.638662 0.443351 0.447747 1500
0.508649 -0.026558 -0.096202 1501
1.472371 0.120879 -0.148866 1502
0.486026 -0.123798 -0.039278 1503
0.428209 -0.600952 0.425802 1504
-0.084706 -0.692058 -0.397902 1505
0.632081 0.930903 -0.484068 1506
-0.905813 0.603195 0.492146 1507
0.755999 -0.571283 0.497244 1508
0.593818 1.099016 -0.433484 1509
-0.139063 0.496108 0.122464 1510
0.536227 0.201999 0.260156 1511
0.913723 -0.063965 0.492887 1512
-0.620393 -0.839717 -0.498057 1513
0.653509 0.681696 -0.496893 1514
-0.256488 0.850122 0.487288 1515
-0.01591 0.509106 -0.096268 1516
0.641398 -0.794587 -0.499552 1517
-0.357272 1.401 0.226339 1518
0.558636 -0.05509 -0.239963 1519
-1.320979 -0.158068 0.375279 1520
0.577773 0.939312 0.489322 1521
1.237264 -0.804293 0.153958 1522
0.50097 0.064106 -0.070915 1523
0.63513 -0.261638 0.389839 1524
0.251781 -0.446302 0.110771 1525
1.209087 0.374621 0.423502 1526
0.529748 1.393394 0.095998 1527
-0.861993 -0.800354 -0.467901 1528
-1.033761 -0.929458 -0.312686 1529
0.548777 -0.105004 0.235124 1530
0.268225 0.498979 0.249158 1531
0.991433 -0.058451 0.499953 1532
0.616502 0.14302 -0.339438 1533
-0.354129 0.364371 -0.08968 1534
0.791 0.183459 0.463309 1535
-0.825419 -0.726751 -0.489946 1536
-0.758187 1.133631 0.342995 1537
-0.15064 -1.233857 -0.436969 1538
0.275453 0.422764 -0.067544 1539
0.178619 1.483875 -0.073375 1540
-0.329831 1.439013 0.152024 1541
1.171495 -0.922898 -0.092575 1542
0.633463 -1.191482 -0.35765 1543
-1.093034 1.025029 -0.039102 1544
0.174251 -0.718325 -0.426569 1545
-0.203147 1.060831 0.493541 1546
-0.348915 -0.501132 0.31368 1547
-0.4699 0.179951 -0.056287 1548
-0.447301 -1.407113 0.151493 1549
-0.802717 -0.526309 0.498387 1550
-1.069656 0.093561 0.494533 1551
-0.242381 0.708705 -0.432438 1552
-0.106378 0.881203 -0.487203 1553
-0.187061 0.464271 -0.023205 1554
0.104378 0.489541 -0.023331 1555
-0.806645 -0.810954 -0.478869 1556
-0.084159 -1.306887 0.392621 1557
0.310855 0.528191 -0.316441 1558
-0.560547 -0.135787 -0.266208 1559
-0.199783 0.467541 -0.091463 1560
-0.992124 0.859084 0.390411 1561
-0.443342 -0.309357 -0.197375 1562
-1.171479 -0.177376 -0.464583 1563
0.07234 0.688545 0.394134 1564
-0.145145 0.5636 -0.274349 1565
0.097626 0.910108 0.492779 1566
0.560449 -0.074754 -0.247253 1567
0.469033 1.423607 -0.033416 1568
0.198496 0.818732 0.474529 1569
0.184759 0.753028 0.446697 1570
-1.113168 0.702726 0.38714 1571
0.276727 -0.520441 0.285374 1572
0.409953 -0.644011 -0.440489 1573
-0.011408 0.513356 -0.115331 1574
0.737392 1.287763 0.125703 1575
0.381221 -0.346404 0.121939 1576
-1.071763 0.998607 -0.184067 1577
0.335414 -1.428784 0.176991 1578
-1.289341 0.697685 0.181222 1579
-0.206009 -0.45559 0.001448 1580
0.940471 0.821621 -0.433693 1581
0.144251 -0.682822 0.39841 1582
0.943597 0.910036 0.391563 1583
0.280714 -0.80227 -0.476958 1584
-0.239502 -0.526123 -0.268283 1585
-0.467971 -1.251272 0.37035 1586
0.263062 1.293883 0.383892 1587
1.090563 -0.054254 -0.49148 1588
0.026306 0.799662 0.458299 1589
-0.432288 0.416217 -0.300122 1590
-1.251284 0.110196 0.429417 1591
1.031796 -0.049432 0.498911 1592
0.422724 0.320326 0.171633 1593
-0.221716 0.588815 0.335393 1594
-0.479979 -0.171815 -0.098528 1595
1.199483 -0.015355 -0.45844 1596
-0.616967 0.275176 -0.380438 1597
-0.342385 -1.128574 -0.46672 1598
0.287381 1.293682 0.379781 1599
0.528762 1.030976 0.474158 1600
0.49963 0.339585 0.305402 1601
0.438131 -1.101479 0.464349 1602
0.470111 -0.192968 -0.09004 1603
1.270768 -0.210878 0.408622 1604
0.756419 -1.089545 0.378784 1605
-0.874616 -0.076986 0.484887 1606
0.665418 0.572293 0.484804 1607
-0.615286 0.046355 -0.321456 1608
0.085694 -0.849418 0.478127 1609
1.029042 -0.736944 -0.423556 1610
-1.082738 0.469792 0.466374 1611
-1.106806 -0.851373 -0.304777 1612
-0.382443 0.445123 0.28162 1613
1.252589 -0.786745 -0.142812 1614
-0.028688 1.495544 -0.064527 1615
-0.563722 -0.268871 -0.330218 1616
-0.686767 1.200585 -0.321264 1617
0.219073 1.289786 0.393671 1618
-0.541873 1.185709 0.397228 1619
-0.316945 0.850883 0.491462 1620
1.055091 0.781334 -0.389994 1621
-0.283876 -1.062019 -0.49004 1622
-1.163179 -0.181073 -0.467551 1623
0.333008 1.270809 -0.389335 1624
0.192428 -1.11324 -0.482872 1625
-0.901203 0.91417 -0.411724 1626
-0.347966 0.636542 -0.417873 1627
-0.177838 1.108667 0.484676 1628
-0.001339 -0.500372 0.019335 1629
0.547954 1.048215 -0.465387 1630
0.750829 -1.259646 0.180088 1631
0.346741 -1.019427 0.494069 1632
-0.688669 0.170085 0.406853 1633
-0.092585 -0.632272 0.345962 1634
-1.439873 0.358 0.126586 1635
-1.22578 -0.863042 -0.029558 1636
-0.062751 -1.484585 -0.117858 1637
0.833187 -0.646382 -0.497019 1638
1.421859 -0.064004 0.266117 1639
0.614781 0.305062 -0.389355 1640
0.258999 -0.504878 -0.250773 1641
-0.792365 -1.035307 -0.397178 1642
0.525172 0.405494 0.36982 1643
-0.214262 0.640755 -0.380505 1644
-0.623484 0.100078 0.337908 1645
-0.44976 1.091309 0.466339 1646
0.558068 0.552209 -0.45146 1647
0.746076 -0.504217 -0.489996 1648
0.861681 -0.530856 0.499854 1649
0.534207 0.185116 -0.247181 1650
1.375713 -0.17892 0.316227 1651
0.433771 -0.72162 0.474365 1652
-0.894336 -1.023512 -0.34782 1653
-0.292618 1.189936 0.446319 1654
-0.731442 -0.885122 0.47752 1655
1.366159 -0.553913 0.158594 1656
0.210753 1.042549 -0.495934 1657
1.332065 -0.5127 0.259601 1658
-0.687734 0.825105 -0.494473 1659
0.425905 0.329454 0.192294 1660
0.834166 0.59725 -0.499327 1661
1.096239 -0.416357 -0.469249 1662
-0.960083 -0.129901 0.499028 1663
-0.344346 -0.776394 0.476758 1664
-0.381113 -0.341081 0.106401 1665
-1.329015 -0.497588 0.272666 1666
0.38265 -0.554659 0.378976 1667
-0.171604 -0.524611 -0.221955 1668
-0.678299 1.069871 -0.422886 1669
0.28414 -1.037879 -0.494179 1670
1.495999 0.109483 3.85E-4 1671
-0.166824 -1.387036 0.303917 1672
0.272044 -0.463299 -0.189411 1673
0.419232 -1.338244 0.296809 1674
-0.102539 1.054974 -0.496393 1675
1.44559 -0.207024 0.195161 1676
-0.546141 -0.016674 0.210339 1677
0.016972 0.51108 -0.105985 1678
0.518238 0.004288 -0.133874 1679
-0.800939 1.231612 -0.172939 1680
-0.560103 -0.362838 -0.373296 1681
0.725218 -0.346334 -0.459843 1682
0.54214 1.373876 -0.149987 1683
0.640478 -0.612064 0.486809 1684
0.457011 0.202936 -0.006456 1685
0.20297 0.477783 -0.136904 1686
0.26852 1.275594 0.397313 1687
1.071392 -0.289348 0.4878 1688
0.660341 -0.236501 -0.401058 1689
-0.279091 0.807986 -0.478462 1690
0.339947 0.373044 -0.068422 1691
-0.562664 -0.093899 0.255896 1692
-0.883784 0.212045 -0.491624 1693
-0.342996 0.363816 0.002902 1694
-0.277784 0.528269 0.295756 1695
0.454875 1.323279 -0.300961 1696
-0.65813 0.483245 -0.465108 1697
0.671522 1.340403 -0.028142 1698
-1.058104 0.898836 0.314947 1699
-0.710713 -0.070153 0.410243 1700
-1.281843 0.302438 -0.386635 1701
1.134693 0.973271 0.071096 1702
-0.865959 0.45404 0.499506 1703
1.403854 0.445991 0.162097 1704
1.253193 0.757512 -0.18542 1705
-0.430428 0.372733 0.254106 1706
0.895004 0.405182 -0.499692 1707
0.761704 1.126927 0.346774 1708
-0.563676 0.084926 0.25521 1709
0.19419 -0.533793 -0.251777 1710
1.136732 -0.95531 -0.122152 1711
0.550432 -0.020184 -0.219592 1712
-0.258054 1.465604 0.108218 1713
-0.934453 -0.836301 -0.430658 1714
-0.103395 -0.807706 0.464235 1715
0.552741 0.306915 0.338744 1716
-0.485743 -0.602623 -0.446017 1717
0.130509 0.489809 -0.082764 1718
-0.09932 1.052509 0.496719 1719
0.13321 -1.462007 -0.175833 1720
-1.064061 -0.812426 0.367758 1721
-0.185293 -1.143144 0.474358 1722
-0.740575 -0.840564 -0.48532 1723
-0.874303 0.522913 -0.499648 1724
0.484351 0.580829 -0.436578 1725
-1.104863 0.398792 -0.468513 1726
0.483292 -0.353067 -0.298018 1727
-0.368512 -1.45331 -0.026389 1728
-0.357394 -0.390662 -0.169141 1729
0.410371 -0.420659 0.282817 1730
-0.90833 0.559562 0.495511 1731
-1.346601 -0.609788 0.145919 1732
-0.619544 -0.667622 -0.491979 1733
0.498597 -0.117653 -0.110178 1734
-0.482413 0.817732 -0.497436 1735
0.503039 0.010055 0.055946 1736
0.389563 0.502841 -0.342882 1737
-0.819826 -0.78041 0.482294 1738
-0.152821 -1.478405 0.116314 1739
-0.133849 0.484422 -0.050661 1740
-1.446632 -0.010867 0.224685 1741
0.071478 1.230319 -0.442711 1742
-0.49383 0.2072 -0.185132 1743
1.37701 0.548217 0.13249 1744
-1.32588 0.512349 0.269068 1745
0.602649 0.306146 0.380779 1746
-0.340096 1.137475 0.463622 1747
1.192645 0.054315 0.46088 1748
1.094355 -0.934334 -0.239413 1749
0.00285 0.523233 0.150667 1750
-1.197447 0.617047 0.35991 1751
0.788093 0.985587 0.425901 1752
-0.209266 0.813697 0.473768 1753
0.895785 -0.77902 0.463658 1754
1.409204 -0.500017 0.068511 1755
-0.911308 1.0526 0.310024 1756
-0.386797 0.48909 -0.329074 1757
1.343793 -0.102905 0.359285 1758
-0.839201 -0.981355 0.406418 1759
-0.812543 0.383229 0.489565 1760
0.988637 0.53777 0.484011 1761
0.440964 -1.360689 -0.254544 1762
-0.309815 0.643988 -0.41057 1763
0.530754 0.048574 0.178562 1764
0.414393 -0.985429 0.495214 1765
0.326838 -1.359432 0.302425 1766
-0.120606 0.825842 0.471851 1767
-0.153807 0.867069 -0.485536 1768
-0.339324 0.421332 -0.198249 1769
-0.088183 0.96123 0.498792 1770
1.274378 -0.621349 0.274691 1771
0.48025 0.660457 0.465152 1772
1.029183 0.243619 -0.496668 1773
-0.310605 0.452014 0.214705 1774
-0.579854 0.397399 -0.402205 1775
-0.359004 0.360795 -0.094316 1776
0.438091 -0.250072 -0.066484 1777
0.508496 -0.064821 -0.111587 1778
1.160497 0.704882 0.349258 1779
0.028573 0.810718 -0.462993 1780
0.390052 -0.313818 -0.024942 1781
-0.627752 -0.118729 0.345822 1782
0.970834 1.140452 0.047746 1783
0.706538 -0.554059 -0.489459 1784
-0.514173 1.050039 -0.470512 1785
-0.865822 -1.010629 0.374932 1786
-0.915392 -0.897169 0.413066 1787
-0.870773 0.087241 0.484157 1788
0.786209 -0.073945 0.453613 1789
-1.363568 0.086705 0.340306 1790
0.625948 0.27408 -0.386931 1791
-0.947099 0.014955 0.497206 1792
-0.114313 -0.554533 -0.248618 1793
-1.384646 0.363751 0.252384 1794
-0.379361 0.325815 -0.008373 1795
-0.181229 -0.498592 0.171978 1796
-1.392197 0.245294 0.280893 1797
0.817508 -0.286855 -0.481814 1798
-0.640154 0.145534 -0.363318 1799
-0.1296 0.945657 -0.497925 1800
1.104804 0.302793 -0.478348 1801
0.443485 -0.969405 0.49562 1802
0.688213 -1.097045 -0.403667 1803
-0.079007 0.510278 -0.12685 1804
-1.371211 0.490166 -0.204678 1805
-0.538965 -0.234195 0.282783 1806
0.606348 -1.285724 0.268911 1807
0.036675 0.586223 -0.282375 1808
0.428485 1.320128 0.315459 1809
0.996046 0.007985 0.499985 1810
-0.019493 -1.003446 -0.499987 1811
-0.852399 0.080838 -0.478882 1812
0.193685 0.75583 0.449122 1813
-0.277868 0.470549 -0.210495 1814
-0.405872 0.293675 0.031228 1815
0.333634 1.230374 -0.41771 1816
0.708684 1.138064 0.365974 1817
0.689486 0.147907 -0.403827 1818
0.230272 -0.457031 -0.107823 1819
0.394387 -0.967441 -0.497994 1820
-1.348314 -0.572419 0.184307 1821
0.046062 -1.488614 -0.102761 1822
0.998971 -0.086321 -0.499993 1823
0.867599 0.286548 -0.492495 1824
-0.627713 -0.639095 -0.489023 1825
0.389675 0.417779 0.257328 1826
-0.342875 -0.380079 0.108357 1827
1.304531 0.727404 0.079583 1828
-0.500249 -0.005955 -0.016864 1829
0.495409 0.105294 0.080204 1830
0.043882 1.142062 -0.479143 1831
-1.366633 0.616971 -0.023518 1832
0.670461 0.427392 -0.456087 1833
0.384723 -0.464202 -0.303836 1834
-0.119567 -0.733987 0.429291 1835
1.016068 -0.221949 0.498395 1836
0.039412 1.280047 -0.413804 1837
-0.304164 -0.702344 -0.441534 1838
0.293537 1.411837 0.233688 1839
-0.084358 -1.484889 0.112051 1840
0.611218 0.172288 0.341762 1841
0.094321 0.837691 -0.474706 1842
-0.459075 -0.37162 -0.287092 1843
-0.036288 -1.432053 -0.250864 1844
1.404593 0.347634 -0.224087 1845
-0.224856 0.543953 0.28416 1846
-0.272725 -0.511995 -0.27145 1847
0.273682 1.474558 0.016089 1848
-0.04871 -1.214188 0.451336 1849
0.325748 1.008257 0.496438 1850
0.793084 -0.99901 -0.417226 1851
-0.453965 -0.419591 -0.322816 1852
0.927069 -0.132636 0.495953 1853
0.730331 -1.068524 -0.404236 1854
-1.174679 -0.428075 0.43287 1855
-0.805163 1.234944 0.158427 1856
0.282841 -0.631415 -0.393771 1857
-0.520034 1.351687 -0.221476 1858
1.048883 -0.984417 0.240277 1859
-0.471492 0.489777 0.384056 1860
0.006995 -0.515957 -0.125494 1861
1.271408 -0.673961 -0.239343 1862
-0.070613 -1.065746 0.495343 1863
0.158308 0.514258 -0.191373 1864
0.766951 0.658126 -0.499887 1865
-0.014859 -1.423856 -0.265104 1866
1.016706 0.872529 0.366814 1867
-0.568619 0.588663 -0.465873 1868
-0.887505 0.917102 0.416776 1869
-0.504259 0.996977 0.486059 1870
-1.318596 0.550707 0.256864 1871
-0.340095 0.853682 -0.493384 1872
-0.791673 0.19649 0.464791 1873
-0.839716 -0.111638 0.476049 1874
-1.180948 -0.558093 0.39529 1875
-0.091863 -0.82512 -0.470292 1876
1.275762 -0.345299 -0.382793 1877
-0.635704 -0.013309 -0.342622 1878
-1.024655 0.362206 -0.49241 1879
-0.246677 0.529672 0.277831 1880
0.836325 -0.492348 0.499128 1881
-0.399743 0.632492 -0.431983 1882
-1.45679 -0.271938 0.133118 1883
0.513603 -0.557862 -0.437692 1884
1.175474 0.006831 -0.46819 1885
-0.46654 -1.182712 0.419929 1886
0.609781 0.436031 -0.432803 1887
0.551116 0.124676 -0.2466 1888
0.203138 0.592167 -0.331895 1889
1.156772 -0.416536 -0.444228 1890
0.527613 0.225602 -0.261481 1891
0.092571 1.011736 -0.499745 1892
0.490847 0.543198 -0.422183 1893
-0.826377 0.411257 -0.494044 1894
-0.749323 -0.49797 0.489836 1895
-0.401108 0.505858 0.352689 1896
0.571416 -0.040092 0.259841 1897
1.278029 -0.105323 0.41264 1898
-0.222182 -0.857851 -0.486867 1899
-0.36351 -0.392447 0.183612 1900
-0.496798 0.078693 0.054612 1901
-1.18745 0.914142 0.037868 1902
-0.221796 1.440504 0.201774 1903
0.647044 -1.190398 -0.352217 1904
1.065661 0.698806 0.418011 1905
-0.733338 1.14369 0.348427 1906
0.789768 -0.240856 -0.468628 1907
0.686032 0.30196 0.43275 1908
-0.355655 -1.457136 0.009405 1909
0.29359 -0.534306 -0.312458 1910
0.974944 -1.066917 0.227438 1911
-0.841386 -0.834909 0.464385 1912
0.128966 0.593091 -0.30905 1913
-1.453669 0.287692 0.133443 1914
0.462789 0.368253 0.288213 1915
-0.051769 -0.518152 0.142486 1916
0.393447 -0.309906 0.029002 1917
0.543765 0.123368 0.232955 1918
-0.028284 1.25952 0.427182 1919
-0.389437 -1.010171 -0.493124 1920
1.283283 0.041994 -0.411535 1921
0.221049 -1.4373 0.209053 1922
1.145033 0.734871 -0.3464 1923
1.386626 0.418459 0.221234 1924
-0.492859 -0.442144 0.36856 1925
0.870173 -0.081632 0.483862 1926
-1.184461 -0.227897 0.455508 1927
-0.444876 -0.848618 -0.498246 1928
-0.68355 -0.503406 0.476627 1929
-0.643395 -0.295282 0.405818 1930
0.528658 -1.032714 0.473654 1931
0.097417 -0.630236 0.344606 1932
-0.863926 -1.130527 -0.266853 1933
1.060572 0.182267 0.494172 1934
-0.051106 -0.525657 0.165359 1935
-0.960386 1.062081 0.251906 1936
-1.036123 -0.431979 -0.484745 1937
0.404328 -0.370756 0.21499 1938
-1.40806 -0.479582 -0.11114 1939
-0.12929 0.503727 0.140187 1940
-0.552889 0.460834 0.414084 1941
-0.232765 -0.488991 -0.199591 1942
0.359905 -0.366563 -0.116293 1943
-0.453145 -0.717486 -0.476528 1944
0.81014 -1.104596 0.33648 1945
0.124402 -0.486671 -0.048103 1946
0.698442 0.83498 -0.492091 1947
-0.580665 0.526716 0.45092 1948
0.249497 -0.489121 -0.216034 1949
0.682826 -0.908009 -0.481119 1950
0.751474 -0.858153 -0.479802 1951
0.756384 -1.260826 0.169742 1952
-1.235955 0.357411 -0.409711 1953
0.450802 0.220184 0.041205 1954
-0.426566 -0.583032 -0.415869 1955
-1.14433 -0.531192 -0.4261 1956
0.720282 -0.666647 0.499655 1957
-0.832774 -0.52938 -0.499825 1958
-0.15066 -0.788013 0.459248 1959
0.771292 -0.855528 0.476375 1960
-0.507291 0.058856 -0.102855 1961
0.169157 0.540308 0.248576 1962
-0.093779 -0.881786 -0.487008 1963
0.516885 0.112561 -0.167805 1964
0.614743 1.16164 -0.388885 1965
1.499902 -3.02E-4 -0.009906 1966
-0.777566 1.06409 -0.385916 1967
-0.718734 -0.224786 -0.434768 1968
0.437014 -0.31926 0.198777 1969
0.717431 0.194265 -0.429055 1970
-0.9193 0.139142 0.495043 1971
0.688906 -0.095573 0.396588 1972
0.492278 0.478541 0.389543 1973
0.06959 1.188022 -0.462469 1974
-1.295008 -0.133447 0.398594 1975