3 2000
0.061178 -0.509815 -0.115286 0
0.408809 -0.502740 0.355076 1
-1.497729 -0.082500 -0.000385 2
0.227457 0.446575 -0.034111 3
0.173795 -0.502262 -0.174614 4
-0.428338 -0.261350 0.042080 5
0.522293 0.392434 -0.360272 6
-0.749090 -0.788328 -0.492289 7
0.499619 0.052164 -0.048259 8
-0.687161 0.050479 -0.391518 9
0.657370 0.997380 0.460606 10
1.121953 0.599921 0.419364 11
0.948927 0.308622 0.499995 12
0.889957 1.170482 0.169503 13
0.184475 0.798475 0.466286 14
-0.571248 0.347344 0.374362 15
-0.356820 0.361570 -0.089028 16
0.522135 -0.531567 0.430152 17
0.041666 1.492607 -0.082253 18
-1.376251 -0.249808 -0.301674 19
1.033718 -0.730471 0.423520 20
-0.661797 -0.252614 0.406143 21
0.498666 -1.085169 0.460720 22
0.951446 -0.630227 -0.479636 23
0.029007 -0.528127 0.167591 24
-1.090862 -0.034289 0.491575 25
0.035432 -0.523217 -0.154335 26
0.951127 -0.695156 -0.467211 27
0.793520 -1.231430 -0.183893 28
1.197646 0.342815 -0.435442 29
0.934947 0.898956 0.402222 30
1.098146 -0.991450 -0.141728 31
0.511668 -0.651468 -0.469624 32
-0.574180 0.286917 0.348922 33
1.255815 0.375721 -0.391655 34
-0.500405 -1.409922 -0.062412 35
-0.874311 0.140503 0.486720 36
-1.366759 0.594925 0.096366 37
0.776154 -0.565710 -0.498432 38
-0.653909 0.850851 0.494628 39
0.762940 -0.643911 -0.499997 40
-0.227489 -0.446718 0.036120 41
-0.927875 -1.050824 -0.297518 42
-0.925193 -1.153792 0.143634 43
0.418018 -0.573470 0.407061 44
-1.136863 0.846694 -0.275103 45
0.139116 1.243764 -0.432132 46
0.863390 0.793200 -0.469325 47
0.128357 -1.299794 0.395339 48
0.511989 -0.258626 -0.261124 49
0.633960 1.356380 0.052643 50
0.015385 -0.610183 -0.313359 51
0.508384 0.096565 0.131029 52
-0.232068 -0.714919 0.433956 53
0.428205 1.255138 0.378962 54
0.579722 -0.027184 0.271848 55
0.596190 -0.000467 -0.294852 56
0.029223 0.598239 0.298598 57
-0.959383 0.476035 -0.494934 58
-1.356120 0.309966 -0.311522 59
0.595220 0.870221 -0.497042 60
-0.504054 0.886308 0.499615 61
-1.086396 0.972752 0.200010 62
-0.196548 0.816041 0.473498 63
-1.161781 -0.155352 0.469440 64
0.736444 -0.130872 -0.431841 65
-1.049790 -1.021524 0.184345 66
0.260122 1.260056 -0.409690 67
-0.507479 -0.177219 0.190064 68
-0.689189 0.960080 -0.465764 69
-1.443833 -0.396176 -0.052835 70
-0.629644 -0.144281 0.353069 71
-0.566286 -0.979342 0.482458 72
0.383572 0.500595 0.337020 73
-0.779081 0.245166 0.465207 74
-0.314369 -1.340939 0.328096 75
0.202108 0.473722 0.121688 76
0.667503 -0.765368 -0.499758 77
-0.524034 -0.066526 0.165657 78
0.905858 1.012340 -0.348579 79
-0.908061 -0.715196 -0.475077 80
-0.697663 0.408652 0.461889 81
0.536953 0.219900 0.271659 82
-0.384568 0.643797 -0.432961 83
-0.349741 -0.366435 -0.080671 84
-0.974209 -0.108291 -0.499608 85
-0.508500 -0.917600 -0.497586 86
-0.164523 -0.793676 0.462718 87
0.079969 -1.025973 0.499153 88
-0.184812 0.672205 0.397845 89
-1.479260 0.219510 0.067244 90
-0.353257 0.359375 0.062531 91
0.005046 -0.662454 0.368884 92
0.063720 -0.576733 0.271669 93
-0.334712 -0.544672 0.346255 94
0.785056 -0.439144 0.489803 95
-1.064576 1.051708 0.059340 96
1.250994 0.358712 -0.398941 97
1.359162 0.394895 0.278335 98
0.393514 -0.790556 0.486138 99
-0.558707 1.345892 -0.202293 100
-0.848640 -1.100702 0.313053 101
0.337785 -0.441545 -0.229791 102
-0.203265 1.481716 0.066237 103
0.455149 0.585107 -0.427866 104
-1.029089 -0.928306 0.317908 105
-0.378493 -1.122956 -0.464505 106
-0.152742 -0.476630 0.022479 107
0.634698 0.161485 -0.361827 108
-0.254004 -0.478401 -0.199790 109
-0.734605 -0.633575 0.499104 110
-0.150590 -1.484685 -0.087395 111
0.832655 -0.692424 0.493073 112
1.102562 0.412882 -0.467496 113
0.305878 0.409505 -0.104918 114
0.777481 -0.336073 -0.476018 115
-0.934669 -0.523010 0.494926 116
1.005712 1.021981 0.248559 117
0.811836 1.117748 0.323243 118
-0.522095 -0.055048 -0.156092 119
-0.530062 0.862600 0.499845 120
0.385300 0.935753 0.499857 121
0.655250 0.864357 0.492782 122
-0.591860 0.618791 -0.478897 123
-0.412417 -0.650416 0.444037 124
-0.511529 -0.089160 0.137370 125
-1.009524 -0.478889 0.486034 126
1.238542 0.805065 0.149269 127
0.997941 -0.561595 0.478480 128
-1.063100 0.728478 0.408199 129
-0.123740 -1.402652 0.288885 130
0.016338 -1.075212 0.494292 131
-1.131029 -0.944579 0.160363 132
-0.679337 -0.033346 -0.384317 133
0.044418 -0.637603 -0.346101 134
-0.616537 0.211076 -0.358699 135
0.685270 -0.553281 -0.485570 136
-1.423339 0.390355 0.153370 137
1.480093 -0.095066 -0.128736 138
-0.490892 0.489753 -0.394980 139
1.399923 -0.529491 -0.057253 140
0.534546 1.307277 -0.282795 141
-1.101576 0.672468 0.406871 142
-0.038739 -0.548594 -0.217863 143
0.002073 -0.522811 -0.149313 144
-0.087787 0.582895 -0.285419 145
0.554719 -0.255759 -0.313934 146
-0.735421 -0.724782 -0.498940 147
-1.232195 0.274099 -0.425666 148
0.406907 0.306046 -0.095237 149
-0.672034 -1.287429 0.213183 150
-0.842457 -0.470635 0.498774 151
1.325844 -0.511685 0.269495 152
0.305235 -0.682112 0.431438 153
-0.829331 0.596366 0.499538 154
0.125713 -0.561626 -0.264235 155
0.016049 0.518820 -0.136766 156
-0.143466 1.268945 -0.416239 157
0.805971 0.377467 -0.487746 158
0.544876 0.056616 -0.213363 159
-0.458642 -0.258142 -0.160020 160
-0.011615 -1.499073 0.029691 161
0.827063 1.130151 0.299392 162
-1.126194 0.099325 -0.482652 163
-0.949793 -1.146128 0.106491 164
0.028870 -0.612250 -0.316507 165
0.033847 -0.511959 0.113602 166
0.467627 0.220345 0.129046 167
1.422991 0.059372 0.264632 168
0.621889 0.176547 0.353570 169
-0.518307 0.163058 -0.203646 170
-1.274993 0.365316 -0.378854 171
-0.703515 -0.696893 0.499905 172
-0.343784 -1.447042 0.111893 173
-0.562059 0.609531 0.469893 174
-1.286378 -0.733017 0.138035 175
1.239142 -0.229837 0.426914 176
1.379260 0.422318 -0.232858 177
-0.524628 -0.060273 -0.165200 178
-0.598707 1.175332 0.384988 179
-0.245068 0.458751 -0.140364 180
0.607002 -1.327837 0.195957 181
-0.500542 0.126921 -0.126943 182
0.635161 1.236897 0.312331 183
0.869818 1.199465 -0.134198 184
-0.514072 -0.031177 0.121619 185
-0.019459 0.886483 0.486993 186
1.366269 0.018094 0.340234 187
0.897219 -0.474925 0.499770 188
1.023352 -0.624452 -0.458767 189
1.056355 -0.064064 0.496590 190
-0.441005 -1.323531 0.306464 191
0.665624 -1.250195 -0.276864 192
-0.327855 -0.676962 -0.434261 193
0.148322 0.540051 -0.237577 194
0.832473 1.246418 0.033811 195
0.426301 0.448141 -0.323219 196
-0.747691 0.501612 -0.489972 197
1.189497 -0.840371 -0.204184 198
-1.067260 0.482846 -0.469703 199
1.281297 0.546758 0.309015 200
0.911140 -0.182757 0.494975 201
0.458906 -0.911187 0.499591 202
0.010714 1.475206 -0.155378 203
-0.009577 -1.270021 0.420796 204
1.396949 0.527167 -0.082731 205
1.485523 -0.170347 -0.068699 206
0.260112 -0.484223 0.217249 207
-0.819058 0.188661 0.473879 208
0.239788 0.438790 -0.005874 209
0.415003 -0.353518 -0.207662 210
0.079315 0.543726 -0.216869 211
-0.221651 0.685533 -0.414567 212
-0.416337 1.377454 -0.239334 213
0.465313 -1.375833 0.212943 214
0.193791 0.733453 -0.437878 215
0.048801 -0.795651 -0.457001 216
-0.813850 -0.206971 -0.473626 217
-0.810991 0.056329 0.463692 218
-0.375571 -0.366001 -0.154332 219
-0.377578 0.769337 -0.479114 220
-0.243216 -0.650354 -0.395696 221
0.438894 -0.523428 0.386736 222
0.601525 0.416059 0.421724 223
-0.315504 -0.402771 0.107222 224
-0.854847 1.047694 0.354908 225
0.578833 0.809302 0.499975 226
0.651259 0.242545 -0.396168 227
-0.280078 0.479918 0.229276 228
-0.708403 -0.569597 0.491649 229
0.840938 0.900531 -0.442852 230
0.274890 -0.518276 0.281342 231
-0.239934 0.505761 -0.237093 232
0.154935 -0.944305 0.498142 233
-1.096506 -0.205453 0.486456 234
0.517035 -0.755169 -0.492758 235
0.251358 -0.462299 -0.159772 236
0.453656 -0.471355 -0.361141 237
0.889653 -0.314374 0.496805 238
-1.381857 -0.472875 -0.194716 239
0.428759 0.322065 0.186904 240
-0.492024 0.181671 0.154570 241
0.821249 0.051027 -0.467559 242
0.664143 -0.594144 -0.488001 243
-0.577161 -0.097605 0.279410 244
-1.335048 -0.605762 -0.181102 245
0.550093 0.729100 -0.492433 246
-0.138079 1.330969 0.368348 247
1.413765 -0.113039 -0.273942 248
0.236235 -1.168314 0.461684 249
-1.230050 -0.306157 -0.422376 250
-0.535857 -1.364941 -0.180305 251
-0.617732 -1.136118 0.405014 252
1.239067 0.697997 0.267948 253
1.432205 -0.122010 0.242256 254
-0.205098 -0.841872 0.481847 255
-0.359642 -0.985560 -0.497581 256
0.081225 -0.522266 0.166523 257
-0.921050 0.264175 0.498249 258
-1.007304 -0.264823 0.498272 259
0.924999 -0.328474 0.499661 260
-1.314834 -0.358852 0.343927 261
0.453695 1.034275 -0.482963 262
1.097802 0.078351 -0.489776 263
0.622247 0.469311 0.448698 264
0.450266 0.334540 -0.239224 265
-1.265870 0.049774 0.422838 266
-0.337281 1.348313 -0.313066 267
0.635327 -0.381261 -0.427657 268
-0.639677 -1.289716 -0.238159 269
-0.723986 1.313648 -0.007619 270
0.549526 0.150116 -0.254575 271
0.821148 0.678196 -0.495756 272
-0.151952 -0.936396 0.497356 273
0.741201 -0.857298 -0.481907 274
1.026946 1.062088 0.148692 275
1.024160 0.596224 0.464489 276
-1.078140 0.070167 -0.493490 277
-0.498435 -1.365667 -0.209956 278
0.396526 -0.356961 -0.180016 279
0.540337 -0.208296 0.269888 280
0.706195 -0.695411 -0.499921 281
-0.964105 -0.682473 0.466006 282
1.206089 0.848404 0.157342 283
0.615127 -1.016453 0.463273 284
-0.936848 0.674970 0.475475 285
-1.396438 -0.547073 -0.014967 286
-0.476517 0.502695 -0.394384 287
1.293173 0.636963 0.234624 288
0.728299 1.295551 -0.116544 289
-0.039753 -0.820306 -0.466964 290
0.586127 -1.008723 0.471411 291
0.110445 -0.789078 -0.456834 292
0.027984 0.540535 0.198889 293
-0.313666 0.653940 0.417763 294
-1.114532 0.262920 -0.478476 295
0.519808 0.306557 -0.304573 296
0.500692 0.005016 -0.026778 297
1.224831 -0.718170 -0.271522 298
-0.966342 1.147093 0.010963 299
-0.765496 1.274324 -0.115112 300
-0.336959 1.432347 0.166543 301
-0.892277 1.204996 -0.024668 302
-0.875579 -0.327114 -0.495716 303
-0.567965 0.236795 -0.319444 304
-0.147536 -1.324995 -0.372812 305
0.808462 -1.212063 -0.202967 306
-1.098586 -0.958253 0.201077 307
-0.399654 -0.326849 -0.126583 308
0.342990 0.378559 0.103508 309
-0.561371 -0.271212 -0.328956 310
-0.075471 -0.846162 -0.476819 311
0.531083 -0.205522 0.254240 312
-0.282021 0.418427 0.067634 313
-1.312596 -0.475369 0.305229 314
-0.763322 0.964310 -0.444032 315
0.654840 1.348305 0.032946 316
0.177639 1.454521 0.182947 317
0.017738 -0.906827 0.491275 318
0.523233 0.781857 0.496481 319
-1.030978 1.056192 -0.153174 320
0.924271 -1.023449 0.326092 321
-1.410117 0.349522 0.212091 322
0.699287 -0.685901 0.499580 323
-0.952797 -0.073679 -0.498028 324
-0.847208 0.238633 -0.485430 325
-0.823994 -1.112282 0.319929 326
0.424058 0.268632 0.044507 327
1.080512 -0.985467 -0.190195 328
-0.515452 -0.001384 0.123350 329
-0.064196 0.833114 0.472194 330
-0.492262 -0.132838 0.098857 331
-1.006566 -1.110556 -0.034097 332
0.031990 1.452441 -0.212080 333
0.751674 -1.293841 0.060371 334
0.458079 0.216835 0.082226 335
-0.391318 -0.319531 0.071943 336
-0.509176 -1.128860 0.439517 337
-0.401888 -0.463957 0.317587 338
0.396527 0.312005 -0.067373 339
0.275733 -0.499318 0.255807 340
-0.717793 -1.049517 0.419866 341
0.552694 -0.778088 0.497917 342
-0.972337 -0.154098 0.499759 343
-0.505646 0.009845 -0.075555 344
-0.879981 0.658596 0.490072 345
0.534561 -0.851471 -0.499971 346
-0.943280 -1.160912 -0.064477 347
0.474420 0.431760 0.348512 348
0.595333 0.880699 0.496010 349
0.098494 1.490240 0.080415 350
0.569474 0.825119 -0.499993 351
0.820163 0.128886 -0.470295 352
-0.820256 0.881341 0.456497 353
0.749930 -0.804247 0.489971 354
1.132864 -0.163362 -0.478640 355
-0.493148 -0.082526 0.002260 356
0.236597 -0.443125 -0.048239 357
1.054127 -0.709260 0.420495 358
0.689423 1.288726 -0.192288 359
-0.288382 -1.267282 -0.400240 360
-1.390628 0.139620 0.303148 361
0.705884 0.426217 -0.468218 362
-0.446458 1.099513 -0.463836 363
-0.296242 0.706557 0.441942 364
-1.375821 0.266757 -0.298067 365
-0.580818 -0.486413 0.437309 366
-1.061067 1.023036 0.159349 367
1.326789 -0.029119 0.378153 368
0.081893 0.517474 0.152780 369
-1.120677 -0.969495 -0.133546 370
1.165936 -0.709025 0.342154 371
-0.597790 -0.077945 -0.303763 372
-0.325485 -0.435311 0.204070 373
-1.189676 0.902095 0.083266 374
0.144932 1.083105 0.491320 375
0.399575 1.138168 0.455470 376
-1.072734 0.913857 -0.287300 377
-0.130779 0.506709 0.150896 378
-0.561632 0.097029 0.255066 379
-0.604618 1.349057 0.145539 380
0.911414 -0.846361 0.436541 381
0.796979 -1.023471 0.402102 382
1.181139 0.456796 -0.423125 383
-0.208640 -0.512512 -0.224735 384
-0.461426 0.461010 0.359273 385
0.673918 0.760321 0.499744 386
-0.462438 0.217580 0.104618 387
0.820620 -1.192862 0.222282 388
0.198029 1.413445 0.259727 389
0.756165 0.610114 -0.499193 390
1.466678 0.174557 0.149812 391
-0.363812 -1.179679 0.441597 392
0.497613 -0.551259 -0.428676 393
-1.192774 0.735538 0.298218 394
-0.591522 0.024714 0.289079 395
-0.553683 0.598916 0.464769 396
-0.268450 -0.696809 -0.431109 397
-1.427170 0.153295 0.245856 398
0.555549 -0.060908 -0.235396 399
-0.470714 -0.880061 -0.499996 400
1.041534 -1.017458 0.205035 401
-0.983296 -1.033105 -0.261370 402
-0.227598 -0.456925 -0.101796 403
0.313399 -0.424487 0.163951 404
-0.573301 -0.418401 0.407124 405
0.946704 0.134192 -0.498075 406
-0.541384 -0.027360 0.200760 407
-1.220926 -0.222285 0.438088 408
0.942438 -0.162139 0.498085 409
-0.943572 0.201644 0.498765 410
1.370057 0.399326 0.260029 411
-0.484450 0.124964 0.017538 412
-0.262150 -0.711838 -0.437851 413
1.338730 -0.019572 0.367648 414
0.184243 0.467840 -0.052954 415
-1.139133 0.029965 0.480138 416
-0.155364 0.552658 -0.261902 417
0.652366 0.023228 -0.359775 418
0.846164 0.679639 0.492668 419
0.522168 -0.790388 0.497215 420
-0.900024 0.197102 0.493776 421
0.646720 0.399782 -0.438804 422
-1.461180 -0.271217 -0.116920 423
0.283819 -0.562347 -0.336205 424
0.284148 0.412302 -0.027055 425
0.321048 -0.417457 0.161007 426
-0.190323 1.451147 0.187347 427
-0.558293 -1.231449 0.355007 428
1.187962 -0.896427 -0.107837 429
0.560117 1.349750 -0.192748 430
-0.511207 1.082491 -0.459500 431
-0.023788 1.393374 0.308379 432
-0.781465 1.278820 -0.036190 433
1.077064 1.014733 -0.140751 434
1.401839 -0.260942 -0.261904 435
-0.285937 -0.949240 0.499926 436
-0.085437 -0.530004 0.188383 437
-1.288834 -0.097491 0.405505 438
1.154250 0.881988 -0.212383 439
0.459469 -1.040750 0.480676 440
0.553055 0.044693 -0.227703 441
1.336415 0.252854 0.346857 442
0.942389 0.083284 -0.497082 443
-0.421056 -0.355604 -0.220260 444
-1.240234 0.837404 0.059294 445
0.919901 0.274797 0.498403 446
0.615078 -1.298899 0.242656 447
0.355950 -1.434929 0.145311 448
0.791275 -0.004561 0.454356 449
0.191835 0.547939 0.272142 450
-1.287403 0.586227 -0.279490 451
0.204044 -0.822397 0.476122 452
0.313010 0.436336 0.188751 453
0.247149 -1.473829 0.074569 454
-0.105263 0.488836 0.006358 455
-0.104238 1.435095 -0.239558 456
0.570960 0.999894 0.476519 457
-0.289547 -1.380821 -0.284957 458
-0.799542 1.267304 -0.039453 459
-0.138743 0.559162 0.265187 460
0.858723 -0.221272 -0.487011 461
-0.590678 0.096086 -0.297911 462
-0.866822 0.336260 -0.495042 463
-0.968077 -1.143547 -0.041323 464
-0.000484 0.649272 0.356357 465
0.202346 -0.488815 0.167920 466
-0.904575 0.010398 0.490821 467
-1.202782 0.597893 -0.363621 468
1.089575 0.575947 0.442691 469
1.361529 -0.628736 -0.017599 470
-0.320325 0.384434 0.019931 471
0.040329 -0.592577 0.291757 472
-0.928192 -0.345945 0.499911 473
0.389103 -0.891593 -0.499260 474
0.261219 -0.435578 0.088537 475
1.286109 0.748306 -0.109044 476
0.003031 1.134525 -0.481562 477
0.319385 0.488412 0.276740 478
-1.002070 -0.126029 -0.499901 479
0.191985 0.935924 0.498008 480
-0.819064 -1.163500 0.266776 481
0.459662 0.550566 0.412357 482
0.982434 0.966691 -0.326956 483
0.981313 -0.331931 0.498707 484
1.012880 0.192240 -0.499040 485
-0.956671 0.060677 -0.498283 486
-1.260986 -0.726008 0.207191 487
-1.440278 0.413102 -0.040585 488
-0.361864 -1.222306 -0.417749 489
-0.902847 -1.170466 -0.145978 490
-0.523273 -1.349483 -0.223266 491
1.180987 -0.700083 0.333088 492
-0.736434 -0.595292 -0.497177 493
0.896893 -0.687097 0.482850 494
0.331103 -0.394686 -0.122253 495
-1.313394 -0.223645 -0.373600 496
-1.078539 0.906535 0.287725 497
-0.214446 -0.725436 0.436684 498
-0.651588 -0.260987 -0.401427 499
-0.487091 -0.238848 0.201725 500
1.242788 0.277448 0.418644 501
-0.470042 -0.382836 0.308118 502
-0.406868 -0.290965 0.014219 503
-0.459054 -1.257254 0.368048 504
0.632118 -0.686335 0.495501 505
0.411868 -0.647186 0.442460 506
-0.694192 -1.305115 -0.145861 507
0.521962 1.235451 -0.365501 508
-1.318968 0.548980 -0.257400 509
0.827035 -0.066453 -0.470104 510
-0.511955 -0.142863 -0.174705 511
-0.488364 -0.136082 0.083192 512
-0.384078 -0.320630 0.017873 513
-0.454309 0.239927 0.116542 514
-1.237261 0.711047 -0.260093 515
-0.318676 -0.406484 0.127428 516
0.440409 0.640145 0.447522 517
-0.431418 -0.758679 0.483540 518
-0.418095 -0.285763 0.079886 519
-1.083790 0.907790 0.280736 520
0.623712 -0.002880 -0.329261 521
1.222787 0.015691 -0.447573 522
0.561590 -0.660322 -0.481942 523
-0.767712 0.967725 0.441194 524
-0.966903 -0.222554 -0.499939 525
0.396857 -0.521289 -0.362059 526
-0.344276 -0.362713 0.009303 527
-1.374029 -0.416750 0.245038 528
0.886205 1.136384 -0.235464 529
1.208348 0.888739 0.003561 530
0.812781 0.848318 0.468433 531
-1.305056 0.110056 -0.392547 532
0.617271 -0.283793 0.383673 533
-1.295193 0.054617 0.402716 534
0.662988 -1.336458 -0.089805 535
1.305713 0.428965 -0.331430 536
0.574678 0.695823 0.490393 537
0.892603 1.171251 0.163228 538
0.749882 -1.141099 0.341252 539
0.997139 0.153899 -0.499920 540
-0.521088 -0.074953 0.160472 541
-0.316127 -0.433401 0.187393 542
-0.664165 0.475519 -0.465246 543
-0.444576 1.383371 -0.211526 544
0.543364 -1.003308 -0.479709 545
-0.409569 -0.452512 -0.313312 546
-0.292082 1.015293 -0.496801 547
-0.834061 0.250765 -0.483057 548
0.291270 0.989923 -0.498982 549
0.557053 0.660997 0.481268 550
0.457046 -0.398788 -0.308561 551
0.472306 0.464282 -0.368719 552
0.918350 0.213037 -0.496710 553
1.253345 -0.584387 -0.321552 554
0.408804 -1.442741 -0.021437 555
1.423833 0.415649 -0.128292 556
0.727581 -0.209686 -0.437087 557
0.749874 -0.138202 -0.439995 558
0.598728 0.008750 -0.298383 559
-0.499587 -0.703244 -0.480761 560
-0.219701 -0.560302 -0.302432 561
-0.589703 -0.893828 -0.494958 562
-0.602894 0.480267 0.444375 563
-0.456237 -0.384227 0.295242 564
0.123536 -1.402567 -0.289030 565
1.153992 0.757958 -0.324198 566
-1.223367 -0.590203 0.348747 567
0.774532 1.098098 0.363073 568
1.283420 0.047333 -0.411312 569
0.675887 0.851109 -0.492402 570
0.445038 -0.935227 0.498723 571
0.315138 1.465880 -0.025052 572
0.608987 0.039251 -0.313201 573
0.524556 1.176566 0.408582 574
0.316349 -0.388793 0.035127 575
-0.278924 -0.415050 -0.008080 576
-0.794168 -0.554816 0.499024 577
0.786656 -1.230417 -0.195029 578
-0.243558 0.800818 0.472698 579
0.047427 0.630039 0.338297 580
1.169015 0.321489 -0.452636 581
0.297245 -0.458017 -0.209521 582
-1.457414 -0.324811 -0.082362 583
0.433779 -0.294725 -0.154380 584
-1.238536 0.533436 0.358510 585
0.292760 0.547089 0.325539 586
0.998423 1.049804 -0.220465 587
1.099640 0.409300 0.468991 588
0.648038 0.145334 -0.370398 589
0.996461 0.957125 -0.322993 590
-0.343644 0.453125 -0.252934 591
-1.109347 0.898197 -0.259515 592
-0.230256 -0.963136 -0.499905 593
0.210586 0.474115 -0.135744 594
-0.498634 0.361994 0.320439 595
-0.595288 -0.704022 0.493873 596
0.318429 0.488432 0.275978 597
-1.324963 0.179744 0.369275 598
1.498285 0.062605 -0.020178 599
0.685946 0.119713 0.397209 600
-0.035894 -0.508380 0.097739 601
0.950625 0.905471 0.390035 602
0.072313 -0.558622 0.243471 603
-0.378214 -1.231358 0.408631 604
-0.461947 0.309973 -0.230515 605
0.617527 -0.291031 0.386396 606
-0.346872 1.360424 -0.294661 607
-0.432857 0.364349 -0.247909 608
0.469546 -0.211387 -0.121292 609
-0.520917 -0.876068 -0.499630 610
-0.613418 1.336972 0.167868 611
0.417330 -1.215990 0.410397 612
1.075944 -0.880001 -0.312909 613
-0.692956 -0.081454 0.398285 614
-1.200399 -0.828845 0.198876 615
0.939844 -0.870884 -0.413360 616
-1.333988 0.497141 0.265616 617
-0.083576 0.514182 0.143151 618
0.431130 0.259010 0.054240 619
-0.739112 0.732015 0.498377 620
-0.432035 0.315133 -0.183160 621
-0.109160 0.499791 0.106954 622
-0.801839 -0.397019 -0.488796 623
-0.146997 1.233430 -0.437446 624
-0.502360 0.229234 -0.222409 625
0.162573 -0.506930 0.176957 626
-0.847969 -0.354499 -0.493410 627
0.300636 -1.293046 0.377784 628
0.310057 0.454939 -0.219076 629
0.570315 -1.178641 0.392797 630
-0.604823 0.877157 0.495696 631
0.732389 0.462918 0.481827 632
0.392890 -0.347698 0.155051 633
0.434845 -0.405232 0.292375 634
0.438508 -0.575619 -0.416670 635
-0.382687 -1.152614 0.451660 636
-0.812220 -0.538895 -0.499361 637
-0.040597 0.782229 0.450592 638
0.441981 0.233780 0.000565 639
1.071328 -0.107034 0.494088 640
-0.919096 0.221635 0.497014 641
-1.242241 -0.714028 0.250317 642
-0.378942 -0.674075 -0.445648 643
0.125118 -0.895387 0.490714 644
-0.802711 1.266388 -0.025261 645
-0.100991 -1.486927 0.097743 646
0.726138 0.087968 -0.421757 647
-0.587783 0.173463 0.316403 648
-0.284937 0.418244 -0.077738 649
-0.357278 1.415686 -0.195786 650
0.482846 -1.235904 -0.378355 651
0.232941 -0.457351 0.114367 652
-0.450078 0.250819 -0.122537 653
0.369738 0.376949 0.165006 654
0.438867 0.297094 0.170507 655
-0.469503 0.423765 0.338994 656
-0.478823 -0.429078 -0.350018 657
-1.278545 0.343738 -0.380866 658
0.140639 -0.825018 0.472657 659
-0.500555 -0.039638 -0.046017 660
-0.373687 1.380776 0.254389 661
-0.041136 -1.031151 -0.498977 662
0.825433 0.207541 -0.477322 663
-0.592186 -0.962717 -0.482732 664
-0.464916 -0.720372 -0.479225 665
1.323914 0.695568 0.066822 666
0.511982 0.970442 0.490458 667
0.272881 0.571529 -0.339933 668
1.284095 -0.424539 -0.354649 669
1.036664 -0.777461 0.403110 670
0.998030 1.090017 -0.146995 671
-0.322520 1.155570 -0.458374 672
-1.213198 -0.816803 0.189891 673
0.703832 -0.122258 -0.410386 674
0.350450 -0.399081 0.173622 675
-0.421775 -0.329490 -0.184329 676
-0.660541 1.109165 -0.406627 677
-0.483288 0.205855 0.157045 678
1.373701 -0.351002 -0.274616 679
-0.523509 -0.051928 -0.159368 680
1.002734 -0.096380 0.499946 681
-0.461255 -0.236521 -0.134253 682
-0.658541 -0.479674 -0.464403 683
0.506308 -1.376828 0.178712 684
0.425770 0.385028 0.261842 685
0.931813 -1.031093 -0.313190 686
0.707184 -0.647350 0.498294 687
0.098011 0.580227 -0.283944 688
-0.668489 1.314215 0.157750 689
0.178266 0.467876 -0.026177 690
-1.162552 -0.010686 0.472822 691
0.177843 -0.483203 0.121120 692
0.440559 -1.259472 0.371809 693
-0.420577 0.798716 -0.490437 694
1.319142 -0.633178 -0.188189 695
-0.485041 -0.520219 0.408203 696
-0.423470 1.346167 0.284451 697
-0.830777 -0.453422 -0.497125 698
-1.264362 -0.801851 -0.052941 699
1.071815 -1.002827 -0.176520 700
-1.296582 0.525564 0.301261 701
-0.096469 -0.668730 -0.380524 702
1.190767 0.357052 0.436898 703
1.416515 -0.458118 -0.105452 704
-0.589819 0.008226 -0.286005 705
-0.371167 -0.405220 -0.216944 706
0.698055 -0.397839 -0.459754 707
1.251331 0.058937 0.431432 708
-0.506437 -0.070071 0.105520 709
1.349378 0.257918 0.332068 710
0.607286 -0.128232 -0.325751 711
0.812278 -0.062686 -0.464394 712
-0.832074 0.479818 0.498438 713
-1.137903 -0.849793 0.270982 714
-0.529109 -0.203611 0.249907 715
0.566610 1.063952 -0.455853 716
0.024261 1.475437 0.154174 717
0.527144 1.068946 -0.461725 718
1.091881 -0.589663 0.438124 719
-1.049976 0.741902 -0.410378 720
-0.161665 0.734637 -0.434284 721
-1.318332 0.032785 -0.385234 722
0.099490 1.333292 0.369367 723
0.451306 0.343595 0.250396 724
0.476092 -1.201618 -0.405518 725
0.878784 0.169596 -0.488850 726
0.469972 1.302834 -0.319011 727
-0.467438 -0.415880 0.331469 728
-0.479036 -0.159687 -0.070185 729
0.373829 0.341826 0.080670 730
0.654659 0.239281 -0.397746 731
1.397527 0.502845 0.120595 732
0.687643 -0.228687 -0.417366 733
0.744295 -1.301543 0.025887 734
0.794244 1.270490 0.040932 735
0.689746 1.242002 0.270245 736
1.410962 -0.033492 -0.284224 737
1.079745 1.019707 0.120978 738
-1.490956 -0.138156 0.051471 739
0.724073 1.313607 0.007209 740
0.811541 0.082568 0.464806 741
-0.418369 1.439947 0.022511 742
1.403957 -0.526517 0.023699 743
-0.540615 -0.246729 -0.292184 744
-0.019274 0.655254 0.362416 745
0.107484 0.632176 -0.348278 746
-0.477694 -1.300763 0.318170 747
0.193565 -0.494166 0.172567 748
0.546266 1.271426 0.320453 749
-0.083190 -0.859924 -0.481131 750
0.312837 -1.271914 -0.392442 751
0.521311 -1.245160 0.357185 752
1.476973 0.017398 -0.149662 753
0.688302 0.644568 0.496739 754
0.236810 1.143979 -0.470848 755
-0.495947 0.093636 0.068463 756
-1.148431 0.214505 -0.470827 757
0.461824 0.381185 0.298418 758
1.150822 -0.902311 0.190273 759
0.234572 0.457033 0.116304 760
-1.209141 0.811884 0.204145 761
0.836334 -0.649126 -0.496544 762
-0.403231 0.542761 0.380952 763
-0.597610 -0.835187 -0.499272 764
-0.867716 -0.121512 -0.484427 765
-0.254870 0.436895 0.075951 766
-0.795291 -1.194628 -0.246281 767
-1.330384 0.611064 0.186270 768
1.050179 0.677003 -0.433311 769
-0.037627 0.924481 0.494380 770
1.430811 -0.327643 0.176412 771
-1.419000 -0.443347 0.114784 772
0.585161 1.131066 0.418587 773
0.115478 -1.287118 -0.405670 774
1.091533 -0.910118 0.269453 775
0.176176 -0.504347 0.181824 776
0.478260 0.152055 -0.042968 777
-0.281272 -0.414368 -0.028523 778
-0.454156 0.235417 0.106828 779
-0.968241 0.775400 0.438383 780
0.430126 -0.255449 0.016194 781
0.849304 0.702911 -0.489391 782
-0.289062 -0.439930 -0.160315 783
-0.872297 1.170558 0.196356 784
1.157639 0.951130 -0.041703 785
-0.936183 -1.117352 -0.201253 786
-0.348238 0.588594 -0.387399 787
0.170004 0.754779 0.445851 788
-0.717365 0.864494 -0.484541 789
-0.638314 0.097947 0.352891 790
-0.323366 -0.388958 -0.076062 791
-0.582925 0.035292 0.277376 792
-0.169408 -1.397885 0.288867 793
0.296112 1.280239 0.389077 794
-0.466472 0.252511 -0.171771 795
-1.204557 0.025456 0.456121 796
-1.140028 -0.869134 -0.249071 797
1.081087 0.730742 -0.396287 798
-0.136146 -0.698830 -0.408703 799
1.378875 0.468644 0.204339 800
0.193204 -1.323686 0.368715 801
0.063321 -0.779938 0.450217 802
-0.794402 -0.357359 0.483094 803
-0.446526 0.642275 0.450091 804
0.016548 -0.525601 0.158721 805
1.254309 -0.663270 -0.273021 806
0.685692 0.102282 0.394870 807
-0.813538 0.703602 -0.494253 808
0.654489 -0.675574 -0.496461 809
-0.657005 -1.224312 0.313564 810
-1.036248 0.992593 -0.246632 811
0.569308 -0.941773 0.489801 812
0.219879 -0.455081 0.073397 813
-1.313728 -0.132897 -0.383826 814
0.850943 -1.063081 0.345207 815
-0.271481 -0.439787 0.128638 816
-0.148399 1.383048 -0.311656 817
1.046236 1.052051 0.126556 818
1.351473 -0.065805 -0.354032 819
-0.317392 -0.426887 -0.175865 820
-0.495374 1.314788 -0.293197 821
0.168687 0.580005 -0.305309 822
0.176689 -0.888896 0.491139 823
0.357790 0.411922 -0.208645 824
0.144626 -0.874095 -0.486826 825
0.500929 -0.564841 -0.435843 826
-1.454081 -0.364095 0.032052 827
0.444186 0.659456 0.456087 828
-1.059840 1.004412 -0.195552 829
-1.313300 0.563990 -0.256356 830
-0.704110 0.245392 -0.430470 831
-0.504467 -0.172177 0.178741 832
-0.741036 -0.148525 -0.436295 833
0.266410 1.084731 0.486126 834
1.277837 -0.750090 -0.133953 835
-0.950441 -0.464361 -0.496646 836
1.440823 0.102510 -0.229022 837
-1.028242 -0.562596 0.469452 838
-0.630482 -0.286853 -0.394396 839
0.297382 -0.979448 -0.499443 840
0.861441 -1.206637 0.130820 841
0.949854 -0.438214 -0.497873 842
-1.433408 0.412733 0.091020 843
0.686631 -0.227713 0.416528 844
-0.104848 1.199643 -0.456394 845
0.194236 -1.290993 0.395798 846
-0.277862 -1.363913 0.310470 847
0.736958 0.203697 0.441115 848
1.457499 -0.349992 0.032665 849
-1.357874 -0.526770 -0.204044 850
-0.167390 1.233010 0.436243 851
0.959946 0.451976 0.496262 852
1.230086 0.168606 0.437762 853
1.458478 -0.134259 -0.184675 854
0.068890 0.524535 -0.167916 855
0.119141 0.862194 -0.482908 856
1.147120 0.827949 -0.279324 857
0.366120 1.314025 -0.342707 858
-0.486218 -0.662010 -0.467006 859
-0.872659 0.149024 -0.486664 860
-1.437656 -0.406342 -0.077370 861
0.843719 0.570514 0.499658 862
0.894291 -0.822536 0.451395 863
0.457969 0.243832 -0.135941 864
-0.745845 1.300927 0.020852 865
0.844461 1.109852 -0.307079 866
0.280425 -0.684763 -0.427058 867
-0.540732 0.510516 -0.429285 868
0.200268 -0.502265 0.197640 869
0.772291 -0.730425 -0.496016 870
-1.042984 0.841627 0.366415 871
1.347199 0.052580 0.358803 872
1.243451 0.611399 -0.318256 873
0.120751 1.402796 0.289049 874
-0.008884 -0.926294 -0.494544 875
-0.521606 1.396345 -0.096561 876
-1.098165 -0.056974 0.489971 877
-0.753038 -0.190419 -0.447387 878
-1.334475 -0.021477 -0.371498 879
0.370372 1.130642 -0.462592 880
-0.288596 -0.621987 -0.388847 881
-0.562334 0.053451 -0.246294 882
0.253248 0.638302 0.389675 883
0.822197 -0.581079 0.499954 884
-1.457213 -0.343976 -0.052264 885
0.183912 0.465510 0.022865 886
0.431121 -1.358895 0.262350 887
-0.860620 -0.437083 -0.498791 888
1.384797 -0.510576 0.153286 889
-0.460121 -0.376314 0.292399 890
-1.443116 0.405227 0.032678 891
-1.403337 -0.268454 -0.257186 892
-1.105414 0.006292 0.488758 893
1.139231 -0.242847 0.472051 894
-0.866869 -0.446921 0.499389 895
-0.726499 0.288764 -0.449869 896
0.684328 0.998857 0.453394 897
-1.200570 -0.699539 0.313506 898
-0.961038 -0.994069 -0.321818 899
-0.966118 -0.470574 0.494399 900
-0.540373 1.103189 -0.444772 901
-0.309826 -0.867030 -0.493675 902
0.173508 0.948097 0.498691 903
0.196253 0.730799 0.436808 904
-1.090271 -0.225891 -0.486965 905
-0.643132 0.046445 -0.351906 906
-1.266628 -0.546793 -0.325415 907
0.504017 -0.069456 -0.093288 908
1.207047 -0.012839 0.455086 909
0.379954 -1.173148 -0.442317 910
-0.495222 -0.113706 -0.089680 911
0.296346 -0.507790 0.283205 912
-1.076772 0.521640 -0.459781 913
-0.925528 0.326089 0.499650 914
-0.239891 0.534164 -0.279711 915
-0.444763 0.379058 0.277956 916
-0.573326 -0.150423 0.290055 917
0.760671 -0.481800 -0.489983 918
-0.229162 -1.011494 0.498620 919
-0.466745 0.203545 -0.095456 920
1.155296 -0.899563 0.185756 921
-0.336094 -0.643637 0.418307 922
-0.426651 0.335686 -0.202580 923
-0.315467 1.241774 0.413420 924
-0.075633 0.494338 -0.009524 925
0.919304 -0.157508 0.495450 926
0.285919 -0.443187 0.163284 927
-0.584757 -0.649877 0.483924 928
-0.494285 -0.480468 -0.391765 929
-0.533782 -1.320438 0.264602 930
-0.071430 -0.597301 -0.302064 931
-1.252259 -0.816220 0.072059 932
-1.193912 -0.869411 -0.150150 933
0.240627 0.449931 -0.100648 934
1.306194 -0.428120 0.331212 935
0.579846 -1.303374 -0.260896 936
-0.870328 -0.759184 -0.475396 937
0.365289 0.365705 -0.128862 938
-0.251767 1.335750 0.347742 939
0.500032 -1.110885 -0.449859 940
-0.429852 -0.280305 0.114004 941
-0.373773 0.606361 0.408941 942
0.198426 0.816774 0.473888 943
-0.678615 -1.060612 -0.427610 944
-1.306487 -0.736275 0.018157 945
-0.321264 0.594214 0.380395 946
0.096559 0.761228 0.442565 947
0.522584 -1.098208 -0.450839 948
0.615313 -0.307900 0.390752 949
-0.115027 -0.493208 -0.080017 950
-0.944530 -0.784573 -0.445051 951
-0.280628 0.660188 0.412447 952
1.356485 -0.190752 -0.336489 953
-1.086595 0.978653 0.190362 954
0.122883 0.611902 -0.329716 955
1.498423 -0.064205 0.014228 956
-0.980311 -0.743189 -0.443867 957
0.773628 -0.228759 -0.461141 958
-0.320544 0.386557 0.046538 959
0.716458 0.246288 0.437317 960
0.707363 -0.444834 -0.472202 961
-0.477281 0.152421 -0.032055 962
-1.184896 0.917337 0.038771 963
1.122481 -0.168714 -0.481405 964
-1.374607 -0.359499 0.269989 965
1.167379 0.764829 -0.305761 966
-0.074054 1.487971 0.100417 967
-0.453451 0.495956 -0.377384 968
0.557454 -0.352631 0.366257 969
-0.564969 -0.582908 0.463216 970
-0.207968 0.540585 -0.270064 971
-0.573306 0.523874 0.447322 972
0.472008 0.164974 0.002739 973
0.384495 0.755301 0.476188 974
0.986933 -0.370377 0.497060 975
0.653702 0.065359 0.363764 976
1.098985 -0.194705 0.486334 977
0.122408 1.494986 0.003331 978
1.044327 0.358955 -0.489002 979
0.190573 -0.745060 -0.443464 980
-0.643021 0.701706 0.497668 981
-0.241129 0.500435 0.228950 982
0.706653 -0.993436 -0.449425 983
-0.705267 0.568384 0.491045 984
-0.731359 0.631132 -0.498845 985
0.351007 -1.372923 -0.275757 986
1.442026 -0.046424 -0.232276 987
-0.464344 -0.634669 -0.452077 988
-0.734229 0.235374 0.444494 989
1.185871 -0.550509 -0.394325 990
-0.068529 1.373334 0.330670 991
0.014925 -0.819379 -0.466289 992
0.375461 0.924535 0.499995 993
0.998385 0.015487 0.499998 994
0.119279 0.529398 -0.202109 995
-1.010266 -0.198779 -0.499121 996
0.514983 -0.024391 0.123765 997
-0.254087 0.504181 0.245796 998
-0.114328 0.937673 0.496923 999
-0.058539 1.143722 0.478447 1000
0.314979 0.953219 0.499985 1001
-0.626595 1.350453 -0.105519 1002
0.632690 1.048446 -0.446738 1003
0.937570 0.360027 -0.499981 1004
-0.525612 -0.325838 0.323100 1005
-0.395753 -0.327101 -0.115128 1006
-0.463933 -1.303965 0.320181 1007
-0.385730 0.367895 -0.178748 1008
0.033113 1.499613 -0.004590 1009
0.366042 -0.559825 -0.374640 1010
0.200652 -0.513264 -0.220184 1011
0.255645 0.748710 0.454293 1012
-0.616519 1.060369 0.445719 1013
-0.654284 -1.225833 0.313492 1014
0.280726 -0.991154 0.499091 1015
-1.275419 -0.757544 0.127652 1016
0.417548 -0.449098 0.316858 1017
-0.494610 -0.079349 -0.030553 1018
0.564025 -0.126905 0.268369 1019
0.652806 0.785589 0.499541 1020
0.296159 0.405357 0.044906 1021
1.199460 -0.897860 -0.041382 1022
0.092388 0.834988 -0.473737 1023
-0.988318 -0.981575 0.309199 1024
1.063793 0.200968 -0.493128 1025
1.393982 -0.533988 -0.084786 1026
0.074524 1.492030 -0.077930 1027
0.519850 -0.146508 -0.196196 1028
0.989055 -1.126270 -0.033083 1029
-0.395056 0.408105 -0.251739 1030
-0.524700 -0.143412 -0.204975 1031
0.086146 1.482367 -0.122079 1032
-0.742709 0.072467 -0.430817 1033
-1.039268 -0.417883 -0.485353 1034
0.113945 -0.518671 0.173426 1035
-0.932129 0.747806 0.460398 1036
0.168876 0.531658 0.233431 1037
-0.521998 -0.437198 -0.384935 1038
0.677595 0.107303 -0.389138 1039
0.524656 0.810595 -0.498813 1040
-1.298662 -0.408783 -0.345446 1041
0.316114 -1.434170 -0.174410 1042
1.270881 0.598178 -0.293740 1043
-0.461336 1.089540 0.465234 1044
-0.472432 -1.286118 0.336146 1045
0.236310 1.089782 0.486570 1046
0.325411 -0.419241 0.172537 1047
0.162806 0.653087 -0.378311 1048
-0.320449 -1.463800 -0.039149 1049
-0.142501 1.051467 -0.496255 1050
-0.888260 0.102921 0.488679 1051
0.440941 0.502464 -0.374314 1052
-0.493931 1.148009 -0.433153 1053
-1.313749 0.512375 -0.285996 1054
-1.317361 -0.023115 -0.386204 1055
-1.124735 -0.292121 -0.473011 1056
0.042278 1.312858 0.389478 1057
-0.668311 0.358136 0.437657 1058
-0.946675 0.314484 -0.499994 1059
-0.619969 -0.969793 -0.476646 1060
-1.058532 -0.895458 0.317223 1061
-0.366756 -1.044769 0.488357 1062
1.085015 0.564708 0.447430 1063
0.245685 -0.761025 0.458126 1064
0.096854 -1.256029 0.427230 1065
-0.425573 1.261290 0.374618 1066
-0.464253 0.286907 0.208949 1067
-0.052566 -1.389039 0.312849 1068
-1.018602 0.288754 -0.496538 1069
-0.556500 1.109577 -0.437914 1070
0.425253 0.320332 0.177068 1071
-0.654876 0.457504 -0.457757 1072
-0.947097 0.609206 -0.483835 1073
-0.512507 -0.298485 -0.290560 1074
0.848506 -0.136493 0.479829 1075
-0.973681 1.096702 -0.179772 1076
-0.309509 0.401937 -0.085104 1077
-0.428020 -0.309153 -0.164954 1078
-0.547679 1.156437 -0.414537 1079
-0.441363 0.897385 0.500000 1080
1.468979 -0.124154 -0.158489 1081
-0.627495 -0.584657 -0.479310 1082
-0.413447 0.330331 -0.168378 1083
0.500583 1.409328 -0.066265 1084
0.822237 0.337573 -0.487486 1085
0.143930 -0.481403 0.049521 1086
0.502369 0.014779 0.050788 1087
-1.046284 -0.634826 -0.447111 1088
-0.019801 -0.901678 0.490281 1089
-0.502564 -0.031671 -0.059564 1090
-0.731985 1.039038 0.420199 1091
-0.816361 -0.771144 -0.484637 1092
0.735323 -1.207814 -0.280302 1093
-0.651138 0.312905 0.415871 1094
0.422535 -0.286696 -0.102493 1095
1.228186 -0.443647 0.395539 1096
-1.436296 -0.231130 -0.207800 1097
-0.567075 1.379947 0.089521 1098
-0.521667 -0.125449 -0.187627 1099
-0.847394 0.897593 -0.441651 1100
-0.226228 -0.471722 0.150424 1101
-0.835329 -1.216134 0.154953 1102
-0.400163 -0.438353 0.291180 1103
0.564159 0.628997 0.475347 1104
0.246918 -0.629124 -0.380687 1105
-0.457693 -1.420417 -0.087207 1106
-0.404370 0.314041 0.108852 1107
0.452878 -0.749258 0.484250 1108
0.726206 0.578705 0.494874 1109
0.399299 -0.404628 0.252559 1110
-0.473401 0.252166 -0.187217 1111
-0.749229 1.174315 0.309154 1112
-0.311184 1.382178 -0.276222 1113
-0.488166 -0.193976 -0.157012 1114
0.672864 1.135029 -0.384617 1115
-0.991693 1.124677 0.023418 1116
-0.200063 -0.693723 0.415588 1117
1.007438 -0.326532 -0.496503 1118
-0.844363 -1.217030 -0.135630 1119
0.737598 1.244309 -0.225033 1120
0.070431 -0.530086 -0.183133 1121
0.116639 1.272323 -0.415819 1122
-0.825740 -0.123962 -0.471988 1123
-0.614187 -0.933931 0.485928 1124
-0.147047 -0.619862 -0.343916 1125
-0.351926 0.748307 -0.469092 1126
1.130869 -0.047464 0.482298 1127
0.791741 -1.273725 -0.016032 1128
0.761296 -0.322568 0.469049 1129
0.638963 -1.136496 0.397121 1130
-1.026853 -0.065293 0.499163 1131
1.315222 -0.438861 -0.317192 1132
0.042254 -1.486066 0.114699 1133
1.002175 -0.824998 0.401443 1134
-0.118256 -0.573855 0.280236 1135
-0.529572 -1.051307 -0.467564 1136
-0.521955 -1.392443 -0.113035 1137
-1.433566 -0.380407 0.128599 1138
-1.252835 0.543704 0.340946 1139
0.730690 1.147225 -0.346821 1140
-0.856213 -0.358275 -0.494811 1141
0.375908 -1.143021 0.456827 1142
0.717045 0.966481 0.456746 1143
0.464911 0.278819 0.200839 1144
-0.754280 0.537792 0.494549 1145
1.229657 0.759258 -0.227639 1146
-0.313272 -1.411743 -0.225853 1147
0.306990 -0.987624 -0.498827 1148
-0.453907 -1.404460 0.153089 1149
1.052623 0.823596 0.369789 1150
0.441231 -1.396416 -0.185123 1151
-1.228644 0.631402 -0.323331 1152
-1.141051 0.866219 -0.250720 1153
-0.106965 -1.487815 -0.090968 1154
-1.298469 -0.601110 -0.253696 1155
-0.271403 1.459808 0.122258 1156
0.514885 -0.623590 0.461951 1157
-0.671178 -0.413654 0.453023 1158
1.350408 0.321175 0.315273 1159
-0.424176 -0.391217 -0.266656 1160
-0.140763 -0.932444 -0.496741 1161
0.419774 0.283659 -0.081146 1162
0.570076 1.233702 0.347973 1163
-1.440860 0.400270 0.067488 1164
-1.320641 -0.564283 -0.244497 1165
-0.673709 0.481414 -0.469498 1166
-0.808634 0.504403 -0.497791 1167
0.506437 -0.557465 0.434820 1168
0.848109 1.202601 0.166179 1169
-0.753814 0.760085 0.495005 1170
0.729699 -0.132836 -0.428108 1171
0.551684 -0.229184 0.296495 1172
0.532080 -0.092581 0.196134 1173
-1.217844 0.215655 -0.440375 1174
0.579162 -1.123291 0.424742 1175
-0.619207 -1.244261 -0.313113 1176
-0.673776 1.106427 -0.403382 1177
-0.850985 -0.649659 -0.494987 1178
1.120729 0.524419 0.440071 1179
-0.426076 0.382437 0.259375 1180
-0.592742 1.350598 0.156297 1181
-1.125458 -0.504793 -0.442140 1182
0.529772 -0.483883 -0.412543 1183
0.796132 -0.715507 0.495018 1184
1.024598 1.091478 -0.054338 1185
-1.343895 0.662890 -0.038807 1186
-0.215370 -0.496591 0.198943 1187
1.295278 -0.681746 0.186947 1188
-1.059123 0.451495 -0.476545 1189
-1.459524 0.344239 -0.020728 1190
-0.106586 -1.040921 0.497846 1191
0.703222 -0.760428 -0.498721 1192
-0.268100 -1.299801 0.378107 1193
-0.484682 0.687942 -0.474224 1194
-0.214257 -0.688731 0.415114 1195
-0.683813 -1.141835 0.374810 1196
-0.081696 -1.353847 -0.350776 1197
-1.367499 0.596107 0.090309 1198
0.130989 1.355077 -0.345536 1199
0.680368 0.129748 -0.394364 1200
0.403751 -0.879365 -0.498951 1201
0.352489 -0.360124 -0.062507 1202
1.218449 0.168456 0.443939 1203
-0.927818 0.645211 0.482775 1204
0.385462 0.390054 0.214573 1205
0.155425 1.453626 -0.191409 1206
-1.423194 0.414142 -0.132128 1207
-1.339460 0.569718 0.206012 1208
1.416668 0.209153 0.251704 1209
0.222083 -0.954778 0.499610 1210
-1.243960 0.168255 -0.429917 1211
0.861344 -0.453124 -0.499284 1212
-1.301304 -0.670220 0.186892 1213
0.020063 0.543918 0.205734 1214
0.183731 1.011203 0.499229 1215
0.352723 0.714719 0.456944 1216
0.714445 -0.496007 0.482735 1217
-0.586481 -0.453166 0.427788 1218
-1.274732 0.128289 0.413452 1219
-0.638493 -1.277864 -0.257660 1220
0.578731 -0.029446 0.270485 1221
0.748765 0.038595 -0.432874 1222
-0.626947 -0.408122 0.431900 1223
0.951104 -1.156999 0.047416 1224
0.356174 1.450206 0.081555 1225
0.506638 0.197358 -0.204473 1226
0.516145 0.536143 0.429620 1227
0.218642 1.352166 -0.336601 1228
0.662846 -0.404917 -0.447386 1229
0.576617 -1.133626 0.419642 1230
-0.532551 -0.134152 -0.216259 1231
-0.702555 0.219372 -0.424627 1232
-1.162919 0.925137 -0.117404 1233
1.216932 -0.077126 -0.449305 1234
0.482960 0.464211 0.375529 1235
-0.170533 -1.378815 -0.313735 1236
-1.083579 0.473306 -0.465528 1237
-0.619733 -0.407661 -0.428169 1238
-0.826780 0.687236 -0.494326 1239
-1.173573 -0.033711 -0.468726 1240
-0.415182 1.040274 -0.485370 1241
-1.379304 0.589447 0.004901 1242
0.466934 -0.421137 0.334974 1243
0.715626 -0.725710 0.499631 1244
0.573799 -0.049658 0.264908 1245
0.318812 0.989879 -0.498401 1246
0.659055 -0.133807 0.377815 1247
-1.142929 0.731453 -0.350125 1248
-0.320176 0.432505 -0.191485 1249
-0.131170 0.499826 -0.128337 1250
-0.278220 1.464130 -0.097860 1251
-0.001834 0.527235 -0.162778 1252
-0.232338 0.480276 -0.179995 1253
0.436011 0.408845 -0.296925 1254
-0.477736 -1.401734 -0.136846 1255
-0.261308 -0.560460 0.323061 1256
-0.252436 0.439659 0.083228 1257
0.257475 0.478657 -0.204009 1258
-0.431200 0.270115 -0.093491 1259
0.766908 -0.627244 -0.499914 1260
0.459279 -0.571650 -0.422928 1261
0.408518 1.164482 0.441832 1262
-0.378727 -0.326965 -0.018435 1263
-0.414913 -0.377416 -0.239126 1264
-1.458678 -0.114966 -0.188268 1265
-0.069906 -0.935128 -0.496108 1266
-1.110571 -0.283319 0.478166 1267
-0.059078 0.548973 -0.222314 1268
0.578660 0.399652 0.402421 1269
-0.271020 0.845174 0.487194 1270
0.370139 -0.364420 -0.138021 1271
0.589411 -0.510748 0.448958 1272
0.464821 -1.124261 0.450668 1273
1.171231 -0.754999 -0.308493 1274
-0.810977 0.603797 0.499878 1275
0.952313 -1.155708 0.049756 1276
-0.578212 0.110544 0.284288 1277
-0.158656 1.080295 0.491485 1278
-0.657723 -0.644596 -0.493708 1279
-0.214959 -1.481282 -0.056497 1280
0.497871 -1.373621 -0.193440 1281
-1.313834 -0.386361 -0.336891 1282
0.507764 -0.025581 0.091308 1283
1.207545 -0.642784 0.338526 1284
-0.326510 0.378788 0.009463 1285
-1.310726 0.488995 -0.301368 1286
-0.547237 0.159583 0.255199 1287
1.423445 -0.176242 0.247732 1288
0.197791 0.460496 0.034277 1289
-0.263674 -0.776793 0.466601 1290
0.501002 -0.029321 -0.043078 1291
-0.785925 0.979102 -0.429781 1292
0.076005 0.588764 -0.291341 1293
-0.052548 -0.502926 0.075046 1294
-0.268025 0.428982 -0.076126 1295
-0.515532 0.059248 -0.136262 1296
1.104022 0.940974 0.216662 1297
0.451763 -0.302180 0.204000 1298
-0.099655 1.494150 0.050237 1299
0.896655 0.466432 -0.499885 1300
0.091485 -1.376212 -0.325837 1301
-0.177131 1.317336 0.376341 1302
0.826571 0.792204 -0.478542 1303
0.253352 -0.431062 0.001129 1304
0.386155 -0.367091 -0.178101 1305
0.528070 1.093792 -0.451608 1306
1.419405 -0.468624 -0.072169 1307
-0.252634 1.431062 0.211230 1308
-0.446484 0.392778 -0.292748 1309
1.328779 -0.405985 -0.313616 1310
-1.059877 -1.028857 -0.149518 1311
-0.010134 -0.658222 0.365022 1312
-0.908335 0.551454 -0.496062 1313
0.464363 0.185474 -0.005809 1314
-0.967448 1.010821 -0.301085 1315
-1.468924 -0.039078 0.172113 1316
0.310565 0.474406 0.250056 1317
0.133042 -1.356212 0.344140 1318
-0.213566 0.465074 -0.107831 1319
0.007372 1.029589 0.499122 1320
0.443917 -0.977791 0.494517 1321
-0.365768 0.346840 0.063651 1322
-0.929997 0.461959 0.498522 1323
0.050537 -0.517849 0.141054 1324
-0.654658 -0.180810 0.383493 1325
1.043945 -0.170726 -0.496646 1326
-0.490775 1.166080 -0.423905 1327
0.644581 0.304845 0.409450 1328
-1.479888 -0.145901 0.113002 1329
-0.865638 0.259383 0.490632 1330
-0.905943 0.683770 -0.481424 1331
-0.997298 0.257528 -0.499099 1332
-0.640760 0.398999 0.435767 1333
0.387289 -1.312162 -0.338356 1334
-1.451535 -0.258859 0.157829 1335
0.321970 0.944768 -0.499996 1336
0.445806 -0.250150 0.105201 1337
-0.915212 -0.797242 -0.452004 1338
1.002081 -0.845904 0.391206 1339
-1.054451 -0.626386 -0.445771 1340
1.141558 -0.660069 0.385305 1341
0.505835 0.031885 -0.082416 1342
-0.720768 -0.102253 -0.419533 1343
1.024727 0.400315 0.489868 1344
-0.523849 -0.032313 0.155651 1345
-0.623775 -1.048162 -0.449132 1346
-0.251652 -1.337844 -0.345626 1347
-0.133573 -0.559903 -0.264381 1348
-0.003429 -1.354025 -0.353077 1349
0.771942 0.531380 -0.496035 1350
1.362915 0.326611 -0.297985 1351
0.228186 1.094631 -0.485837 1352
0.138684 0.526189 0.205446 1353
-0.300906 -1.184780 0.447818 1354
1.141782 -0.801014 0.306893 1355
-0.455183 0.941106 0.497934 1356
-0.489363 -0.140271 -0.094804 1357
0.321657 1.384642 0.268937 1358
-0.283173 0.423070 0.094921 1359
0.771005 0.741471 0.495120 1360
0.884704 -0.729753 0.477952 1361
0.310656 0.644566 -0.411184 1362
1.009362 -1.102631 -0.071505 1363
-0.063870 0.640931 0.351196 1364
-0.429560 -0.540570 -0.392665 1365
0.655564 1.157959 -0.375060 1366
-0.914272 -0.946486 0.387523 1367
0.838088 -0.602356 -0.498969 1368
0.488048 -1.126947 0.444945 1369
-0.743419 0.695491 -0.499675 1370
-1.145964 0.764691 0.327662 1371
0.541230 1.398898 -0.007174 1372
-0.683481 0.008388 0.387102 1373
-0.518700 1.259021 -0.345231 1374
-1.035566 0.571435 0.465399 1375
0.480694 -0.297510 0.247078 1376
-0.393512 0.767294 -0.480670 1377
0.905462 0.535062 0.497316 1378
-0.902335 -0.910031 -0.413196 1379
-0.426841 0.289189 -0.123846 1380
0.844679 -1.085175 -0.330528 1381
-0.162640 -0.903078 0.493165 1382
0.569401 0.814864 -0.499965 1383
1.309764 -0.431379 -0.326157 1384
0.487298 0.477723 0.386179 1385
-0.253119 -0.841405 -0.485051 1386
0.192945 0.891794 -0.492271 1387
1.281189 0.234516 0.398131 1388
-1.113648 0.952819 0.182175 1389
-0.277308 0.825134 0.482935 1390
0.065448 0.661214 0.370679 1391
0.991645 -1.073326 0.192886 1392
1.446280 -0.391135 0.041954 1393
0.082431 1.319062 0.382820 1394
-0.655342 -0.145696 -0.376808 1395
0.512179 0.087159 -0.138421 1396
-0.332905 -0.440064 -0.221621 1397
-0.471991 -0.704466 0.476326 1398
1.152753 0.730179 0.342202 1399
1.084403 -0.540730 -0.452952 1400
0.636845 -1.019023 0.457531 1401
0.549118 -1.073270 0.455778 1402
-0.125170 0.497624 -0.113809 1403
0.245763 -0.733980 0.446025 1404
-1.020579 -0.533456 -0.476467 1405
-0.989763 -0.238408 -0.499673 1406
0.483032 0.328533 0.277641 1407
0.693456 0.852481 -0.490119 1408
0.425462 -0.521812 0.378489 1409
-1.471041 0.283479 -0.043479 1410
-0.968238 -0.282366 0.499927 1411
0.703334 -0.107670 0.408392 1412
1.469531 -0.068922 -0.167395 1413
-0.632050 -1.037239 0.451585 1414
-0.304692 0.472579 -0.241679 1415
0.072644 0.726006 0.420596 1416
-0.741748 0.146594 0.436475 1417
-0.877140 0.715268 0.482315 1418
0.386498 0.437680 0.277244 1419
0.878328 -0.183168 -0.489323 1420
0.821248 -1.035270 0.382975 1421
-1.053911 -0.510103 -0.469898 1422
-0.728406 0.279563 0.449103 1423
0.993211 0.002715 0.499954 1424
-0.922211 1.030677 0.321387 1425
-0.745567 -1.272138 0.157583 1426
0.688533 -0.882637 -0.485527 1427
-1.224079 0.652065 0.316686 1428
-0.313356 0.930557 0.499672 1429
-0.766122 -0.249426 0.460704 1430
0.834892 -1.243246 0.049274 1431
1.491018 0.099765 -0.074940 1432
0.164744 -0.601728 -0.329436 1433
-1.271274 -0.004728 0.420007 1434
-1.080571 0.827240 -0.346085 1435
-1.314806 0.364896 0.342255 1436
0.858448 0.680717 -0.490778 1437
0.336161 0.518653 -0.322686 1438
1.276963 0.057789 -0.415410 1439
-0.479906 0.153213 -0.061281 1440
1.093819 -0.678872 0.409172 1441
-0.482651 -0.130963 -0.010150 1442
-0.032642 0.537190 -0.191633 1443
-1.033985 -0.574503 -0.465359 1444
-0.231472 0.792693 0.468672 1445
-1.046770 -0.068363 -0.497593 1446
0.469062 -0.222533 -0.137132 1447
-0.512948 -0.992112 -0.486149 1448
0.363460 0.787323 -0.482033 1449
0.551972 -0.269880 0.318317 1450
1.457913 0.042918 0.199341 1451
-0.264273 -0.545389 0.307895 1452
0.216272 -1.441583 0.201237 1453
-0.112687 -0.511607 -0.152645 1454
1.113717 0.304855 -0.475470 1455
-0.504954 0.948294 0.494440 1456
0.005687 -1.263195 0.425113 1457
1.013201 0.052604 -0.499788 1458
0.291215 -1.246481 -0.414214 1459
-0.333299 -1.306704 0.358495 1460
-0.361741 0.706768 -0.455575 1461
-0.226779 0.463424 -0.125230 1462
1.288461 -0.767995 0.004121 1463
-0.617335 -1.058998 -0.446112 1464
-0.110687 -0.492364 0.068048 1465
0.687355 -0.820316 0.495044 1466
-1.060668 -0.990012 0.216055 1467
0.479326 -1.401357 0.136296 1468
0.154015 -0.790354 0.460501 1469
-1.481037 -0.016204 0.136082 1470
-0.586053 -0.661807 0.486357 1471
-0.366676 0.440452 -0.260309 1472
-1.014432 -0.734009 -0.431773 1473
0.542994 -1.238633 -0.354678 1474
-1.282960 -0.431192 0.353625 1475
0.444821 -0.238833 -0.069706 1476
0.232621 0.623638 -0.371730 1477
0.183071 -1.373297 0.318484 1478
1.141924 -0.276636 -0.468392 1479
-1.024368 -0.571090 -0.469189 1480
0.527720 0.363529 -0.347829 1481
0.771501 -0.528967 0.495812 1482
0.029368 -0.530652 0.174567 1483
1.203709 -0.469266 -0.405915 1484
-1.291767 -0.662275 0.214518 1485
1.491493 0.147046 -0.035695 1486
0.822599 1.062965 -0.362775 1487
0.044857 1.345053 0.361140 1488
-1.175383 -0.656603 0.360615 1489
0.978000 0.997282 0.304217 1490
-0.692639 -1.091916 -0.405105 1491
0.844801 0.043054 -0.475660 1492
0.249869 1.143998 -0.469862 1493
-0.578829 -0.742247 0.496538 1494
0.873098 -0.976080 0.392623 1495
-0.225669 -1.427233 0.228051 1496
0.075655 1.489922 0.089953 1497
0.546236 0.296027 0.326468 1498
0.479504 -1.106901 0.455457 1499
-0.143003 0.679721 0.395893 1500
0.909590 0.374019 0.499727 1501
0.245679 0.438334 -0.049829 1502
0.537003 0.155349 -0.235665 1503
-0.627532 -0.692247 -0.495671 1504
-0.209010 0.464241 0.095071 1505
-0.683541 0.163257 -0.402060 1506
0.922634 0.134386 0.495405 1507
-0.695117 -0.506506 0.480023 1508
0.441127 -1.152302 -0.441942 1509
-1.129027 0.863391 0.269242 1510
0.768228 0.030196 -0.443347 1511
-0.559798 -1.207683 0.374649 1512
1.012666 0.142736 -0.499486 1513
1.154500 0.154245 -0.472075 1514
-1.001131 -0.412138 -0.493122 1515
1.314491 0.563950 -0.254542 1516
0.638662 0.443351 0.447747 1517
0.508649 -0.026558 -0.096202 1518
1.472371 0.120879 -0.148866 1519
0.486026 -0.123798 -0.039278 1520
0.428209 -0.600952 0.425802 1521
-0.084706 -0.692058 -0.397902 1522
0.632081 0.930903 -0.484068 1523
-0.905813 0.603195 0.492146 1524
0.755999 -0.571283 0.497244 1525
0.593818 1.099016 -0.433484 1526
-0.139063 0.496108 0.122464 1527
0.536227 0.201999 0.260156 1528
0.913723 -0.063965 0.492887 1529
-0.620393 -0.839717 -0.498057 1530
0.653509 0.681696 -0.496893 1531
-0.256488 0.850122 0.487288 1532
-0.015910 0.509106 -0.096268 1533
0.641398 -0.794587 -0.499552 1534
-0.357272 1.401000 0.226339 1535
0.558636 -0.055090 -0.239963 1536
-1.320979 -0.158068 0.375279 1537
0.577773 0.939312 0.489322 1538
1.237264 -0.804293 0.153958 1539
0.500970 0.064106 -0.070915 1540
0.635130 -0.261638 0.389839 1541
0.251781 -0.446302 0.110771 1542
1.209087 0.374621 0.423502 1543
0.529748 1.393394 0.095998 1544
-0.861993 -0.800354 -0.467901 1545
-1.033761 -0.929458 -0.312686 1546
0.548777 -0.105004 0.235124 1547
0.268225 0.498979 0.249158 1548
0.991433 -0.058451 0.499953 1549
0.616502 0.143020 -0.339438 1550
-0.354129 0.364371 -0.089680 1551
0.791000 0.183459 0.463309 1552
-0.825419 -0.726751 -0.489946 1553
-0.758187 1.133631 0.342995 1554
-0.150640 -1.233857 -0.436969 1555
0.275453 0.422764 -0.067544 1556
0.178619 1.483875 -0.073375 1557
-0.329831 1.439013 0.152024 1558
1.171495 -0.922898 -0.092575 1559
0.633463 -1.191482 -0.357650 1560
-1.093034 1.025029 -0.039102 1561
0.174251 -0.718325 -0.426569 1562
-0.203147 1.060831 0.493541 1563
-0.348915 -0.501132 0.313680 1564
-0.469900 0.179951 -0.056287 1565
-0.447301 -1.407113 0.151493 1566
-0.802717 -0.526309 0.498387 1567
-1.069656 0.093561 0.494533 1568
-0.242381 0.708705 -0.432438 1569
-0.106378 0.881203 -0.487203 1570
-0.187061 0.464271 -0.023205 1571
0.104378 0.489541 -0.023331 1572
-0.806645 -0.810954 -0.478869 1573
-0.084159 -1.306887 0.392621 1574
0.310855 0.528191 -0.316441 1575
-0.560547 -0.135787 -0.266208 1576
-0.199783 0.467541 -0.091463 1577
-0.992124 0.859084 0.390411 1578
-0.443342 -0.309357 -0.197375 1579
-1.171479 -0.177376 -0.464583 1580
0.072340 0.688545 0.394134 1581
-0.145145 0.563600 -0.274349 1582
0.097626 0.910108 0.492779 1583
0.560449 -0.074754 -0.247253 1584
0.469033 1.423607 -0.033416 1585
0.198496 0.818732 0.474529 1586
0.184759 0.753028 0.446697 1587
-1.113168 0.702726 0.387140 1588
0.276727 -0.520441 0.285374 1589
0.409953 -0.644011 -0.440489 1590
-0.011408 0.513356 -0.115331 1591
0.737392 1.287763 0.125703 1592
0.381221 -0.346404 0.121939 1593
-1.071763 0.998607 -0.184067 1594
0.335414 -1.428784 0.176991 1595
-1.289341 0.697685 0.181222 1596
-0.608062 -1.366183 0.067731 1597
-0.206009 -0.455590 0.001448 1598
0.940471 0.821621 -0.433693 1599
0.144251 -0.682822 0.398410 1600
0.943597 0.910036 0.391563 1601
0.280714 -0.802270 -0.476958 1602
-0.239502 -0.526123 -0.268283 1603
-0.467971 -1.251272 0.370350 1604
0.263062 1.293883 0.383892 1605
1.090563 -0.054254 -0.491480 1606
0.026306 0.799662 0.458299 1607
-0.432288 0.416217 -0.300122 1608
-1.251284 0.110196 0.429417 1609
1.031796 -0.049432 0.498911 1610
0.422724 0.320326 0.171633 1611
-0.221716 0.588815 0.335393 1612
-0.479979 -0.171815 -0.098528 1613
1.199483 -0.015355 -0.458440 1614
-0.616967 0.275176 -0.380438 1615
-0.342385 -1.128574 -0.466720 1616
0.287381 1.293682 0.379781 1617
0.528762 1.030976 0.474158 1618
0.499630 0.339585 0.305402 1619
0.438131 -1.101479 0.464349 1620
0.470111 -0.192968 -0.090040 1621
1.270768 -0.210878 0.408622 1622
0.756419 -1.089545 0.378784 1623
-0.874616 -0.076986 0.484887 1624
0.665418 0.572293 0.484804 1625
-0.615286 0.046355 -0.321456 1626
0.085694 -0.849418 0.478127 1627
1.029042 -0.736944 -0.423556 1628
-1.082738 0.469792 0.466374 1629
-1.106806 -0.851373 -0.304777 1630
-0.382443 0.445123 0.281620 1631
1.252589 -0.786745 -0.142812 1632
-0.028688 1.495544 -0.064527 1633
-0.563722 -0.268871 -0.330218 1634
-0.686767 1.200585 -0.321264 1635
0.219073 1.289786 0.393671 1636
-0.541873 1.185709 0.397228 1637
-0.316945 0.850883 0.491462 1638
1.055091 0.781334 -0.389994 1639
-0.283876 -1.062019 -0.490040 1640
-1.163179 -0.181073 -0.467551 1641
0.333008 1.270809 -0.389335 1642
0.192428 -1.113240 -0.482872 1643
-0.901203 0.914170 -0.411724 1644
-0.347966 0.636542 -0.417873 1645
-0.177838 1.108667 0.484676 1646
-0.001339 -0.500372 0.019335 1647
0.547954 1.048215 -0.465387 1648
0.750829 -1.259646 0.180088 1649
0.346741 -1.019427 0.494069 1650
-0.688669 0.170085 0.406853 1651
-0.092585 -0.632272 0.345962 1652
-1.439873 0.358000 0.126586 1653
-1.225780 -0.863042 -0.029558 1654
-0.062751 -1.484585 -0.117858 1655
0.833187 -0.646382 -0.497019 1656
1.421859 -0.064004 0.266117 1657
0.614781 0.305062 -0.389355 1658
0.258999 -0.504878 -0.250773 1659
-0.792365 -1.035307 -0.397178 1660
0.525172 0.405494 0.369820 1661
-0.214262 0.640755 -0.380505 1662
-0.623484 0.100078 0.337908 1663
-0.449760 1.091309 0.466339 1664
0.558068 0.552209 -0.451460 1665
0.746076 -0.504217 -0.489996 1666
0.861681 -0.530856 0.499854 1667
0.534207 0.185116 -0.247181 1668
1.375713 -0.178920 0.316227 1669
0.433771 -0.721620 0.474365 1670
-0.894336 -1.023512 -0.347820 1671
-0.292618 1.189936 0.446319 1672
-0.731442 -0.885122 0.477520 1673
1.366159 -0.553913 0.158594 1674
0.210753 1.042549 -0.495934 1675
1.332065 -0.512700 0.259601 1676
-0.687734 0.825105 -0.494473 1677
0.425905 0.329454 0.192294 1678
0.834166 0.597250 -0.499327 1679
1.096239 -0.416357 -0.469249 1680
-0.960083 -0.129901 0.499028 1681
-0.344346 -0.776394 0.476758 1682
-0.381113 -0.341081 0.106401 1683
-1.329015 -0.497588 0.272666 1684
0.382650 -0.554659 0.378976 1685
-0.171604 -0.524611 -0.221955 1686
-0.678299 1.069871 -0.422886 1687
0.284140 -1.037879 -0.494179 1688
1.495999 0.109483 0.000385 1689
-0.166824 -1.387036 0.303917 1690
0.272044 -0.463299 -0.189411 1691
0.419232 -1.338244 0.296809 1692
-0.102539 1.054974 -0.496393 1693
1.445590 -0.207024 0.195161 1694
-0.546141 -0.016674 0.210339 1695
0.016972 0.511080 -0.105985 1696
0.518238 0.004288 -0.133874 1697
-0.800939 1.231612 -0.172939 1698
-0.560103 -0.362838 -0.373296 1699
0.725218 -0.346334 -0.459843 1700
0.542140 1.373876 -0.149987 1701
0.640478 -0.612064 0.486809 1702
0.457011 0.202936 -0.006456 1703
0.202970 0.477783 -0.136904 1704
0.268520 1.275594 0.397313 1705
1.071392 -0.289348 0.487800 1706
0.660341 -0.236501 -0.401058 1707
-0.279091 0.807986 -0.478462 1708
0.339947 0.373044 -0.068422 1709
-0.562664 -0.093899 0.255896 1710
-0.883784 0.212045 -0.491624 1711
-0.342996 0.363816 0.002902 1712
-0.277784 0.528269 0.295756 1713
0.454875 1.323279 -0.300961 1714
-0.658130 0.483245 -0.465108 1715
0.671522 1.340403 -0.028142 1716
-1.058104 0.898836 0.314947 1717
-0.710713 -0.070153 0.410243 1718
-1.281843 0.302438 -0.386635 1719
1.134693 0.973271 0.071096 1720
-0.865959 0.454040 0.499506 1721
1.403854 0.445991 0.162097 1722
1.253193 0.757512 -0.185420 1723
-0.430428 0.372733 0.254106 1724
0.895004 0.405182 -0.499692 1725
0.761704 1.126927 0.346774 1726
-0.563676 0.084926 0.255210 1727
0.194190 -0.533793 -0.251777 1728
1.136732 -0.955310 -0.122152 1729
0.550432 -0.020184 -0.219592 1730
-0.258054 1.465604 0.108218 1731
-0.934453 -0.836301 -0.430658 1732
-0.103395 -0.807706 0.464235 1733
0.552741 0.306915 0.338744 1734
-0.485743 -0.602623 -0.446017 1735
0.130509 0.489809 -0.082764 1736
-0.099320 1.052509 0.496719 1737
0.133210 -1.462007 -0.175833 1738
-1.064061 -0.812426 0.367758 1739
-0.185293 -1.143144 0.474358 1740
-0.740575 -0.840564 -0.485320 1741
-0.874303 0.522913 -0.499648 1742
0.484351 0.580829 -0.436578 1743
-1.104863 0.398792 -0.468513 1744
0.483292 -0.353067 -0.298018 1745
-0.368512 -1.453310 -0.026389 1746
-0.357394 -0.390662 -0.169141 1747
0.410371 -0.420659 0.282817 1748
-0.908330 0.559562 0.495511 1749
-1.346601 -0.609788 0.145919 1750
-0.619544 -0.667622 -0.491979 1751
0.498597 -0.117653 -0.110178 1752
-0.482413 0.817732 -0.497436 1753
0.503039 0.010055 0.055946 1754
0.389563 0.502841 -0.342882 1755
-0.819826 -0.780410 0.482294 1756
-0.152821 -1.478405 0.116314 1757
-0.133849 0.484422 -0.050661 1758
-1.446632 -0.010867 0.224685 1759
0.071478 1.230319 -0.442711 1760
-0.493830 0.207200 -0.185132 1761
1.377010 0.548217 0.132490 1762
-1.325880 0.512349 0.269068 1763
0.602649 0.306146 0.380779 1764
-0.340096 1.137475 0.463622 1765
1.192645 0.054315 0.460880 1766
1.094355 -0.934334 -0.239413 1767
0.002850 0.523233 0.150667 1768
-1.197447 0.617047 0.359910 1769
0.788093 0.985587 0.425901 1770
-0.209266 0.813697 0.473768 1771
0.895785 -0.779020 0.463658 1772
1.409204 -0.500017 0.068511 1773
-0.911308 1.052600 0.310024 1774
-0.386797 0.489090 -0.329074 1775
1.343793 -0.102905 0.359285 1776
-0.839201 -0.981355 0.406418 1777
-0.812543 0.383229 0.489565 1778
0.988637 0.537770 0.484011 1779
0.440964 -1.360689 -0.254544 1780
-0.309815 0.643988 -0.410570 1781
0.530754 0.048574 0.178562 1782
0.414393 -0.985429 0.495214 1783
0.326838 -1.359432 0.302425 1784
-0.120606 0.825842 0.471851 1785
-0.153807 0.867069 -0.485536 1786
-0.339324 0.421332 -0.198249 1787
-0.088183 0.961230 0.498792 1788
1.274378 -0.621349 0.274691 1789
0.480250 0.660457 0.465152 1790
1.029183 0.243619 -0.496668 1791
-0.310605 0.452014 0.214705 1792
-0.579854 0.397399 -0.402205 1793
-0.359004 0.360795 -0.094316 1794
0.438091 -0.250072 -0.066484 1795
0.508496 -0.064821 -0.111587 1796
1.160497 0.704882 0.349258 1797
0.028573 0.810718 -0.462993 1798
0.390052 -0.313818 -0.024942 1799
-0.627752 -0.118729 0.345822 1800
0.970834 1.140452 0.047746 1801
0.706538 -0.554059 -0.489459 1802
-0.514173 1.050039 -0.470512 1803
-0.865822 -1.010629 0.374932 1804
-0.915392 -0.897169 0.413066 1805
-0.870773 0.087241 0.484157 1806
0.786209 -0.073945 0.453613 1807
-1.363568 0.086705 0.340306 1808
0.625948 0.274080 -0.386931 1809
-0.947099 0.014955 0.497206 1810
-0.114313 -0.554533 -0.248618 1811
-1.384646 0.363751 0.252384 1812
-1.014145 -1.066302 0.166224 1813
-0.379361 0.325815 -0.008373 1814
-0.181229 -0.498592 0.171978 1815
-1.392197 0.245294 0.280893 1816
0.817508 -0.286855 -0.481814 1817
-0.640154 0.145534 -0.363318 1818
-0.129600 0.945657 -0.497925 1819
1.104804 0.302793 -0.478348 1820
0.443485 -0.969405 0.495620 1821
0.688213 -1.097045 -0.403667 1822
-0.079007 0.510278 -0.126850 1823
-1.371211 0.490166 -0.204678 1824
-0.538965 -0.234195 0.282783 1825
0.606348 -1.285724 0.268911 1826
0.036675 0.586223 -0.282375 1827
0.428485 1.320128 0.315459 1828
0.996046 0.007985 0.499985 1829
-0.019493 -1.003446 -0.499987 1830
-0.852399 0.080838 -0.478882 1831
0.193685 0.755830 0.449122 1832
-0.277868 0.470549 -0.210495 1833
-0.405872 0.293675 0.031228 1834
0.333634 1.230374 -0.417710 1835
0.708684 1.138064 0.365974 1836
0.689486 0.147907 -0.403827 1837
0.230272 -0.457031 -0.107823 1838
0.394387 -0.967441 -0.497994 1839
-1.348314 -0.572419 0.184307 1840
0.046062 -1.488614 -0.102761 1841
0.998971 -0.086321 -0.499993 1842
0.867599 0.286548 -0.492495 1843
-0.627713 -0.639095 -0.489023 1844
0.389675 0.417779 0.257328 1845
-0.342875 -0.380079 0.108357 1846
1.304531 0.727404 0.079583 1847
-0.500249 -0.005955 -0.016864 1848
0.495409 0.105294 0.080204 1849
0.043882 1.142062 -0.479143 1850
-1.366633 0.616971 -0.023518 1851
-0.594982 -1.357922 -0.130939 1852
0.670461 0.427392 -0.456087 1853
0.384723 -0.464202 -0.303836 1854
-0.119567 -0.733987 0.429291 1855
1.016068 -0.221949 0.498395 1856
0.039412 1.280047 -0.413804 1857
-0.715516 -1.297053 -0.135392 1858
-0.304164 -0.702344 -0.441534 1859
0.293537 1.411837 0.233688 1860
-0.084358 -1.484889 0.112051 1861
0.611218 0.172288 0.341762 1862
0.094321 0.837691 -0.474706 1863
-0.459075 -0.371620 -0.287092 1864
-0.036288 -1.432053 -0.250864 1865
1.404593 0.347634 -0.224087 1866
-0.224856 0.543953 0.284160 1867
-0.272725 -0.511995 -0.271450 1868
0.273682 1.474558 0.016089 1869
-0.048710 -1.214188 0.451336 1870
0.325748 1.008257 0.496438 1871
0.793084 -0.999010 -0.417226 1872
-0.453965 -0.419591 -0.322816 1873
0.927069 -0.132636 0.495953 1874
0.730331 -1.068524 -0.404236 1875
-1.174679 -0.428075 0.432870 1876
-0.805163 1.234944 0.158427 1877
0.282841 -0.631415 -0.393771 1878
-0.520034 1.351687 -0.221476 1879
1.048883 -0.984417 0.240277 1880
-0.471492 0.489777 0.384056 1881
0.006995 -0.515957 -0.125494 1882
1.271408 -0.673961 -0.239343 1883
-0.070613 -1.065746 0.495343 1884
0.158308 0.514258 -0.191373 1885
0.766951 0.658126 -0.499887 1886
-0.014859 -1.423856 -0.265104 1887
1.016706 0.872529 0.366814 1888
-0.568619 0.588663 -0.465873 1889
-0.887505 0.917102 0.416776 1890
-0.504259 0.996977 0.486059 1891
-1.318596 0.550707 0.256864 1892
-0.340095 0.853682 -0.493384 1893
-0.791673 0.196490 0.464791 1894
-0.839716 -0.111638 0.476049 1895
-1.180948 -0.558093 0.395290 1896
-0.091863 -0.825120 -0.470292 1897
1.275762 -0.345299 -0.382793 1898
-0.635704 -0.013309 -0.342622 1899
-1.024655 0.362206 -0.492410 1900
-0.246677 0.529672 0.277831 1901
0.836325 -0.492348 0.499128 1902
-0.399743 0.632492 -0.431983 1903
-1.456790 -0.271938 0.133118 1904
0.513603 -0.557862 -0.437692 1905
1.175474 0.006831 -0.468190 1906
-0.466540 -1.182712 0.419929 1907
0.609781 0.436031 -0.432803 1908
0.551116 0.124676 -0.246600 1909
0.203138 0.592167 -0.331895 1910
1.156772 -0.416536 -0.444228 1911
0.527613 0.225602 -0.261481 1912
0.092571 1.011736 -0.499745 1913
0.490847 0.543198 -0.422183 1914
-0.826377 0.411257 -0.494044 1915
-0.749323 -0.497970 0.489836 1916
-0.401108 0.505858 0.352689 1917
0.571416 -0.040092 0.259841 1918
-0.762061 -1.271956 0.130127 1919
1.278029 -0.105323 0.412640 1920
-0.222182 -0.857851 -0.486867 1921
-0.363510 -0.392447 0.183612 1922
-0.496798 0.078693 0.054612 1923
-1.187450 0.914142 0.037868 1924
-0.221796 1.440504 0.201774 1925
0.647044 -1.190398 -0.352217 1926
1.065661 0.698806 0.418011 1927
-0.733338 1.143690 0.348427 1928
0.789768 -0.240856 -0.468628 1929
0.686032 0.301960 0.432750 1930
-0.355655 -1.457136 0.009405 1931
0.293590 -0.534306 -0.312458 1932
0.974944 -1.066917 0.227438 1933
-0.841386 -0.834909 0.464385 1934
0.128966 0.593091 -0.309050 1935
-1.453669 0.287692 0.133443 1936
0.462789 0.368253 0.288213 1937
-0.051769 -0.518152 0.142486 1938
0.393447 -0.309906 0.029002 1939
0.543765 0.123368 0.232955 1940
-0.028284 1.259520 0.427182 1941
-0.389437 -1.010171 -0.493124 1942
1.283283 0.041994 -0.411535 1943
0.221049 -1.437300 0.209053 1944
1.145033 0.734871 -0.346400 1945
1.386626 0.418459 0.221234 1946
-0.492859 -0.442144 0.368560 1947
0.870173 -0.081632 0.483862 1948
-1.184461 -0.227897 0.455508 1949
-0.444876 -0.848618 -0.498246 1950
-0.683550 -0.503406 0.476627 1951
-0.643395 -0.295282 0.405818 1952
0.528658 -1.032714 0.473654 1953
0.097417 -0.630236 0.344606 1954
-0.863926 -1.130527 -0.266853 1955
1.060572 0.182267 0.494172 1956
-0.051106 -0.525657 0.165359 1957
-0.960386 1.062081 0.251906 1958
-1.036123 -0.431979 -0.484745 1959
0.404328 -0.370756 0.214990 1960
-1.408060 -0.479582 -0.111140 1961
-0.129290 0.503727 0.140187 1962
-0.552889 0.460834 0.414084 1963
-0.232765 -0.488991 -0.199591 1964
0.359905 -0.366563 -0.116293 1965
-0.453145 -0.717486 -0.476528 1966
0.810140 -1.104596 0.336480 1967
0.124402 -0.486671 -0.048103 1968
0.698442 0.834980 -0.492091 1969
-0.580665 0.526716 0.450920 1970
0.249497 -0.489121 -0.216034 1971
0.682826 -0.908009 -0.481119 1972
0.751474 -0.858153 -0.479802 1973
0.756384 -1.260826 0.169742 1974
-0.903434 -1.154584 0.181141 1975
-0.996230 -1.108194 -0.098721 1976
-1.235955 0.357411 -0.409711 1977
0.450802 0.220184 0.041205 1978
-0.426566 -0.583032 -0.415869 1979
-1.144330 -0.531192 -0.426100 1980
0.720282 -0.666647 0.499655 1981
-0.832774 -0.529380 -0.499825 1982
-0.150660 -0.788013 0.459248 1983
0.771292 -0.855528 0.476375 1984
-0.507291 0.058856 -0.102855 1985
0.169157 0.540308 0.248576 1986
-0.093779 -0.881786 -0.487008 1987
0.516885 0.112561 -0.167805 1988
0.614743 1.161640 -0.388885 1989
1.499902 -0.000302 -0.009906 1990
-0.777566 1.064090 -0.385916 1991
-0.718734 -0.224786 -0.434768 1992
0.437014 -0.319260 0.198777 1993
0.717431 0.194265 -0.429055 1994
-0.919300 0.139142 0.495043 1995
0.688906 -0.095573 0.396588 1996
0.492278 0.478541 0.389543 1997
0.069590 1.188022 -0.462469 1998
-1.295008 -0.133447 0.398594 1999
