8 15
1148.36447 2241.169646 1.951618763 95.38250096 30.03937646 1886.006038 29.38533269 26.98526458 CHN90
1163.607259 2345.639397 2.015834276 93.36012586 31.06809206 1960.736339 29.68840343 28.20991535 CHN91
1177.481574 2421.744363 2.056715295 98.01707624 31.40071415 2022.668159 30.32475511 29.25063259 CHN92
1190.570653 2586.839302 2.172772607 101.2273867 32.8697419 2131.957792 31.83598776 31.30082121 CHN93
1203.433504 2796.069754 2.323410263 104.1042977 34.63100265 2322.126709 34.06267103 34.02281933 CHN94
1215.787464 2873.098039 2.363158138 105.002785 35.6725107 2366.94967 35.46251591 35.15434034 CHN95
1227.767447 2902.098392 2.363719937 105.4695138 39.62901842 2386.138458 36.05908895 35.92419825 CHN96
1239.459096 3036.295874 2.449694293 107.0070946 42.77672321 2459.867461 37.6509733 37.56176139 CHN97
1250.365515 2938.216455 2.349886029 111.154269 44.4567267 2362.883513 36.37256327 37.00260176 CHN98
1260.106742 2901.421427 2.302520358 114.1509535 47.9932911 2287.261193 35.41649486 36.90965229 CHN99
1268.853362 3030.884531 2.388679907 113.9574418 55.35454429 2339.10004 36.67955835 38.79807138 CHN00
1276.8825 3185.289096 2.49458278 115.1666893 59.76306408 2472.212676 39.96661444 40.83478724 CHN01
1284.275902 3305.857626 2.574102357 116.6764917 65.10311384 2555.099991 41.88073411 42.38096856 CHN02
1291.496022 3897.978287 3.018188381 116.4360603 70.14204113 3116.974643 48.64733899 49.72652785 CHN03
1298.847624 4707.281088 3.624198097 117.073242 82.84551044 3808.834264 55.94769929 59.57299082 CHN04