38.209076 330.68243 8.654425 42.142094 20.286272 268.2539 3.8221827 3.9506168 POL90
38.192776 329.50827 8.627528 41.36452 19.832495 268.31128 3.8042188 3.9273858 
38.233448 327.8252 8.574415 40.505993 19.125977 268.19315 3.7577858 3.8995218 
38.294724 326.5287 8.526783 39.853138 18.639183 268.03635 3.7149956 3.8826213 POL91
Mean interneuron dis: 0.9518841 +/- 0.2127599 (22.35145%)
LI distance: 2.8556523
Euclidean distance: 2.9078133
Difference b/w LI distance and Euclidean distance: -1.7938197%

38.294724 326.5287 8.526783 39.853138 18.639183 268.03635 3.7149956 3.8826213 POL91
38.343025 324.50836 8.464056 41.692036 19.41005 263.4063 3.7597966 3.873012 
38.360954 322.18243 8.398899 38.67701 18.349756 265.1556 3.6847897 3.844912 POL92
Mean interneuron dis: 4.343316 +/- 0.9877065 (22.740837%)
LI distance: 8.686632
Euclidean distance: 3.5049498
Difference b/w LI distance and Euclidean distance: 147.839%

38.360954 322.18243 8.398899 38.67701 18.349756 265.1556 3.6847897 3.844912 POL92
38.61648 324.9312 8.414455 53.981064 21.257376 249.69276 3.5555122 3.9819894 
38.233448 327.8252 8.574415 40.505993 19.125977 268.19315 3.7577858 3.8995218 
38.312336 330.3208 8.621595 41.22714 18.94814 270.14548 3.7253194 3.9199958 
38.538334 333.1148 8.6437235 48.903076 22.19246 262.01947 3.8324735 4.0569763 
38.551826 335.9126 8.713981 43.198383 18.688305 274.02594 3.7451415 3.9803076 POL93
Mean interneuron dis: 14.4832735 +/- 17.0384 (117.64192%)
LI distance: 72.41637
Euclidean distance: 10.273807
Difference b/w LI distance and Euclidean distance: 604.864%

38.551826 335.9126 8.713981 43.198383 18.688305 274.02594 3.7451415 3.9803076 POL93
38.45997 333.74103 8.678024 42.41182 18.774889 272.55435 3.7278807 3.9557056 
38.433117 330.8513 8.608799 41.42595 18.569403 270.85602 3.7279882 3.927013 
38.182552 328.7307 8.609658 41.10699 19.784609 267.8391 3.8048255 3.918322 
38.294724 326.5287 8.526783 39.853138 18.639183 268.03635 3.7149956 3.8826213 POL91
38.66504 324.18878 8.384546 56.189564 21.59997 246.39923 3.5107663 3.992044 POL99
38.455685 322.04593 8.374924 42.85684 19.314112 259.87503 3.7203233 3.8531656 
38.526222 319.6073 8.296047 43.63143 19.551558 256.42438 3.6917212 3.8364446 POL94
Mean interneuron dis: 8.363754 +/- 25.52956 (305.24045%)
LI distance: 58.54628
Euclidean distance: 17.255157
Difference b/w LI distance and Euclidean distance: 239.29727%

38.526222 319.6073 8.296047 43.63143 19.551558 256.42438 3.6917212 3.8364446 POL94
38.590977 316.89886 8.211907 47.201153 20.647152 249.05058 3.5861852 3.8463326 
38.62158 314.2923 8.1379175 49.233234 21.442528 243.61646 3.501922 3.8443127 
38.661163 311.27277 8.051319 52.357407 22.521366 236.39406 3.3831549 3.8505118 POL98
38.582558 308.77792 8.003207 43.151653 20.105068 245.52132 3.6175451 3.7383585 
38.60451 306.1809 7.9313164 43.967884 20.392904 241.8202 3.5772927 3.7190588 POL95
Mean interneuron dis: 7.81178 +/- 7.003121 (89.64821%)
LI distance: 39.0589
Euclidean distance: 14.566718
Difference b/w LI distance and Euclidean distance: 168.13795%

38.60451 306.1809 7.9313164 43.967884 20.392904 241.8202 3.5772927 3.7190588 POL95
38.853382 309.12033 7.9547663 45.159637 18.544432 245.41621 3.6967294 3.7433553 
38.53137 312.9019 8.121128 41.941025 19.568102 251.39275 3.6411402 3.7712953 
38.553497 316.51547 8.209976 43.914562 19.838161 252.76274 3.6554203 3.8136003 
38.526222 319.6073 8.296047 43.63143 19.551558 256.42438 3.6917212 3.8364446 POL94
38.356815 323.1854 8.426171 40.134888 18.75967 264.29086 3.7150712 3.8547196 
38.613113 327.27814 8.477112 40.801315 17.567593 268.90918 3.786566 3.8980253 
38.312336 330.3208 8.621595 41.22714 18.94814 270.14548 3.7253194 3.9199958 
38.653072 333.78824 8.635755 51.40813 22.87704 259.50302 3.8350205 4.093399 POL97
38.476982 337.3493 8.767285 44.93571 20.709309 271.70425 3.7656634 4.0388913 
38.59205 340.7633 8.829772 47.917145 22.458323 270.38782 3.8246999 4.128469 POL96
Mean interneuron dis: 6.5486846 +/- 14.095932 (215.2483%)
LI distance: 65.48685
Euclidean distance: 28.55369
Difference b/w LI distance and Euclidean distance: 129.34634%

38.59205 340.7633 8.829772 47.917145 22.458323 270.38782 3.8246999 4.128469 POL96
38.52516 339.25342 8.805681 46.87021 22.045752 270.3375 3.8218405 4.098042 
38.476982 337.3493 8.767285 44.93571 20.709309 271.70425 3.7656634 4.0388913 
38.45638 335.8229 8.732351 43.249428 19.395672 273.17783 3.7225566 3.987451 
38.653072 333.78824 8.635755 51.40813 22.87704 259.50302 3.8350205 4.093399 POL97
Mean interneuron dis: 5.68661 +/- 12.320263 (216.6539%)
LI distance: 22.74644
Euclidean distance: 11.358758
Difference b/w LI distance and Euclidean distance: 100.254654%

38.653072 333.78824 8.635755 51.40813 22.87704 259.50302 3.8350205 4.093399 POL97
38.433117 330.8513 8.608799 41.42595 18.569403 270.85602 3.7279882 3.927013 
38.613113 327.27814 8.477112 40.801315 17.567593 268.90918 3.786566 3.8980253 
38.66504 324.18878 8.384546 56.189564 21.59997 246.39923 3.5107663 3.992044 POL99
38.566242 320.78412 8.317804 46.92678 20.071577 253.78577 3.648624 3.8756912 
38.465626 318.21793 8.2731285 39.66562 18.54164 260.01053 3.6658459 3.8132424 
38.636406 314.3384 8.135938 50.69419 21.757994 241.88626 3.4692311 3.8588827 
38.661163 311.27277 8.051319 52.357407 22.521366 236.39406 3.3831549 3.8505118 POL98
Mean interneuron dis: 13.492937 +/- 21.64192 (160.39442%)
LI distance: 94.45056
Euclidean distance: 23.946161
Difference b/w LI distance and Euclidean distance: 294.42883%

38.661163 311.27277 8.051319 52.357407 22.521366 236.39406 3.3831549 3.8505118 POL98
38.636406 314.3384 8.135938 50.69419 21.757994 241.88626 3.4692311 3.8588827 
38.465626 318.21793 8.2731285 39.66562 18.54164 260.01053 3.6658459 3.8132424 
38.566242 320.78412 8.317804 46.92678 20.071577 253.78577 3.648624 3.8756912 
38.66504 324.18878 8.384546 56.189564 21.59997 246.39923 3.5107663 3.992044 POL99
Mean interneuron dis: 12.220812 +/- 11.541665 (94.4427%)
LI distance: 48.883247
Euclidean distance: 11.520494
Difference b/w LI distance and Euclidean distance: 324.31555%

38.66504 324.18878 8.384546 56.189564 21.59997 246.39923 3.5107663 3.992044 POL99
38.566242 320.78412 8.317804 46.92678 20.071577 253.78577 3.648624 3.8756912 
38.553497 316.51547 8.209976 43.914562 19.838161 252.76274 3.6554203 3.8136003 
38.53137 312.9019 8.121128 41.941025 19.568102 251.39275 3.6411402 3.7712953 
38.853382 309.12033 7.9547663 45.159637 18.544432 245.41621 3.6967294 3.7433553 
39.133614 305.30756 7.801682 53.168613 6.8079915 245.33102 3.9659445 3.6585927 
38.6254 301.46597 7.804981 46.36577 20.933228 234.16696 3.449506 3.6896179 
38.66267 297.6083 7.6976037 49.196007 20.46893 227.9433 3.3608153 3.6622934 
38.640926 294.0316 7.609288 52.744347 23.581667 217.70558 3.1509552 3.6731908 
38.63872 290.1963 7.510511 53.00078 23.77153 213.42398 3.0943887 3.6339295 POL00
Mean interneuron dis: 8.924164 +/- 15.9512825 (178.7426%)
LI distance: 80.317474
Euclidean distance: 32.84285
Difference b/w LI distance and Euclidean distance: 144.55087%

38.63872 290.1963 7.510511 53.00078 23.77153 213.42398 3.0943887 3.6339295 POL00
38.57877 286.90137 7.4398327 55.659492 26.791235 204.45056 3.06455 3.6442971 POL04
38.533382 283.38443 7.3551393 52.812004 14.1925 216.37991 3.477355 3.4943614 
38.05183 280.75357 7.4928875 54.95885 25.556198 200.23845 3.164226 3.564788 
38.627575 276.7133 7.1636777 52.637726 24.333128 199.74248 3.0849257 3.4977164 
38.634518 273.38788 7.076244 51.70539 23.657824 198.02475 3.0859232 3.4541972 POL01
Mean interneuron dis: 10.408978 +/- 16.439974 (157.94032%)
LI distance: 52.04489
Euclidean distance: 15.565261
Difference b/w LI distance and Euclidean distance: 234.36568%

38.634518 273.38788 7.076244 51.70539 23.657824 198.02475 3.0859232 3.4541972 POL01
38.511402 272.7524 7.095903 51.690468 23.606869 197.4551 3.0924413 3.4482071 POL02
Mean interneuron dis: 0.5725315 +/- 0.0 (0.0%)
LI distance: 0.5725315

38.511402 272.7524 7.095903 51.690468 23.606869 197.4551 3.0924413 3.4482071 POL02
38.627575 276.7133 7.1636777 52.637726 24.333128 199.74248 3.0849257 3.4977164 
38.61913 278.1625 7.202849 52.92304 23.928165 201.31133 3.1076756 3.511599 
38.605724 283.108 7.3333883 54.494194 25.84718 202.76662 3.0746174 3.5887825 
38.594704 286.1265 7.413711 55.420002 26.618155 204.08827 3.0663817 3.6328835 POL03
Mean interneuron dis: 2.224467 +/- 1.0391136 (46.712925%)
LI distance: 8.897868
Euclidean distance: 8.353217
Difference b/w LI distance and Euclidean distance: 6.5202594%

38.594704 286.1265 7.413711 55.420002 26.618155 204.08827 3.0663817 3.6328835 POL03
38.57877 286.90137 7.4398327 55.659492 26.791235 204.45056 3.06455 3.6442971 POL04
Mean interneuron dis: 0.46838248 +/- 0.0 (0.0%)
LI distance: 0.46838248

Mean difference b/w LI distance and Euclidean distance (1): 170.8662%
Mean difference b/w LI distance and Euclidean distance (2): 171.12245%
Mean standard deviation of interneuron distances 116.26843%
