8 15
16.060761 207.7480363 12.9351303 138.7340174 69.01401888 0 15.92029353 3.341335709 SAU90
16.305774 226.129894 13.86808709 139.8367119 86.27415604 0.019026027 19.74695329 3.492920819 SAU91
16.945857 233.0420579 13.75215535 145.3759698 87.66608809 0 20.39209423 3.657021289 SAU92
18.056656 232.1274617 12.85550668 144.0295513 88.09791049 0 20.10799691 3.777361463 SAU93
19.108307 238.2956385 12.47078763 146.1385272 92.15711128 0 20.39034005 3.893609794 SAU94
19.966998 233.4375057 11.69116688 136.0652131 97.37229257 0 20.65906626 3.819109144 SAU95
20.625641 248.3659323 12.04161036 145.0071544 103.3587778 0 20.81526456 4.097367859 SAU96
21.229759 253.1015355 11.92201643 162.7977859 90.30374966 0 21.24329908 4.358249223 SAU97
21.842982 256.2068959 11.72948345 162.2132423 93.99365355 0 21.41514211 4.535543122 SAU98
22.48364 261.9734174 11.6517351 171.228924 90.74449339 0 20.17832359 4.594328645 SAU99
23.15309 288.21072 12.4480456 189.9463553 98.26436467 0 21.59311239 4.84453776 SAU00
23.832849 299.4269791 12.56362506 194.2080112 105.2189678 0 20.94557205 5.130085926 SAU01
24.50153 309.1852139 12.6190166 198.0908733 111.0943407 0 20.26962081 5.374544006 SAU02
25.15663 344.8816537 13.70937418 227.4290114 117.4526423 0 23.04890042 5.751093054 SAU03
25.795938 365.0691233 14.15219417 236.4527842 128.6046567 0.011682407 24.1590196 6.099525165 SAU04