8 15
57.035717 201.7909606 3.537975347 149.2468981 49.20849315 3.335569333 7.670344331 3.09739393 IRN90
59.112783 226.191562 3.826440755 157.3514619 65.38475316 3.455346903 8.265443993 3.226859374 IRN91
60.397973 232.8578368 3.855391583 159.0832475 69.96663812 3.807951091 8.527267402 3.349755986 IRN92
60.710118 236.4332362 3.894461812 164.3804644 68.15507894 3.897692828 8.832952805 3.472900683 IRN93
60.873019 248.7726255 4.086746963 165.2180014 78.94725074 4.607373359 9.16213388 3.678785417 IRN94
61.628116 260.1335933 4.221021349 165.4629072 90.59787284 4.072813284 9.347229905 3.818223621 IRN95
62.446542 260.9727188 4.179138034 155.9633085 100.6322194 4.377190814 9.646075307 3.954639739 IRN96
63.327987 288.4936016 4.555546691 171.2204951 112.9247302 4.348376299 9.83963354 4.426505085 IRN97
64.163217 292.4230698 4.557487661 167.7503664 120.2431845 4.42951882 9.895552794 4.575616822 IRN98
64.916654 314.9044946 4.850904586 173.5658676 137.0095317 4.32909533 9.999155442 4.828064441 IRN99
65.660289 318.2684559 4.847198524 170.8671408 143.0929075 4.308407561 10.4002054 5.006419436 IRN00
66.425876 332.1973802 5.0010237 176.4901199 151.7529143 3.954345945 10.67233094 5.380206363 IRN01
66.907826 362.7165574 5.42113799 187.4163645 171.0388336 4.261359236 10.44879504 5.880366078 IRN02
67.147618 384.5022471 5.726223186 195.9340691 184.4406555 4.127522398 11.35890808 6.170655001 IRN03
67.503205 401.9067197 5.953890926 207.5260547 190.806082 3.574583034 12.05006859 6.449068709 IRN04