8 15
17.022133 262.7667114 15.43676761 95.38250096 34.85799059 132.5262199 6.144310579 3.718075263
17.257526 263.4723104 15.26709624 93.36012586 32.68014688 137.4320376 6.289699754 3.708916016
17.481977 276.237352 15.80126504 98.01707624 33.73826649 144.4820093 6.565582797 3.817020878
17.688687 281.0651078 15.88954046 101.2273867 35.09186584 144.7458552 6.609968594 3.91614524
17.892557 279.0009996 15.59313181 104.1042977 36.58140673 138.3152953 6.909955523 3.91767409
18.116171 284.8350815 15.72269777 105.002785 39.26470392 140.5675926 7.423951345 4.050353779
18.348078 297.5430653 16.21657949 105.4695138 39.62123855 152.4523129 7.571375586 4.223340052
18.565243 326.86827 17.60646332 107.0070946 39.86425812 179.9969173 8.310526864 4.560134692
18.768789 333.2648046 17.75632965 111.154269 41.70808728 180.4024483 8.661854641 4.595390588
18.968247 350.8170474 18.49496411 114.1509535 43.45502811 193.2110658 8.867776766 4.819522543
19.16462 353.2025758 18.42992847 113.9574418 45.42068307 193.8244509 9.684649255 4.83251974
19.357594 366.5098513 18.93364699 115.1666893 47.72197798 203.621184 10.26527802 4.993398957
19.546792 374.3533436 19.15165126 116.6764917 50.3877261 207.2891258 10.51061268 5.097017823
19.731984 371.702066 18.83754142 116.4360603 52.02929647 203.2367092 10.35485931 5.092657062
19.913144 386.1775027 19.39309547 117.073242 52.35787241 216.7463883 10.55533594 5.266284743
2
2
2
4
2
3
3
1
2
1
2
3
2
5