8 15
188.751469 150.8533889 0.799217032 94.46487516 40.80922855 15.57928521 5.228609072 2.224920073 IDN90
192.178082 156.2028241 0.812802493 100.1514647 42.03984897 14.01151048 5.808644814 2.311952011 IDN91
195.664008 171.8302681 0.878190475 104.7048178 50.85462077 16.2708295 5.958775303 2.508496697 IDN92
199.20315 198.4378135 0.99615801 111.4837435 61.30662985 25.64744009 6.325734298 2.907244862 IDN93
202.79946 208.331968 1.027280684 112.4793475 65.01380919 30.83881132 6.663617313 3.111944743 IDN94
206.457785 213.0762542 1.032057252 116.0928585 70.54192752 26.44146809 6.970610294 3.258729001 IDN95
210.167302 234.8880895 1.117624327 125.8250634 73.2441305 35.81889563 7.422262528 3.517649841 IDN96
213.894478 244.7958312 1.144470084 139.1081503 74.05034207 31.63733883 7.414439804 3.652582593 IDN97
217.61054 239.364082 1.099965479 135.0057019 66.03011446 38.32826562 7.556309537 3.560429538 IDN98
221.309757 263.3882993 1.190134149 143.3281895 73.81880528 46.24130449 8.015941934 3.915334354 IDN99
224.985037 275.1941404 1.223166412 152.5114115 70.75209214 51.93063683 7.867145482 4.09686089 IDN00
228.640537 297.0386668 1.29915137 156.2159939 77.1325249 63.690148 8.091318978 4.4564956 IDN01
232.27871 311.6200355 1.341578122 164.5825632 78.82623272 68.21123962 8.316797047 4.63388958 IDN02
234.893453 315.0868293 1.341403199 165.3261652 78.27134101 71.4893231 8.547961171 4.695678426 IDN03
238.452952 307.6821638 1.290326504 173.6204585 83.31099165 50.7507137 8.841699992 4.686354719 IDN04