8 15
20.278957 117.832681 5.810588829 76.7363977 4.421890175 36.67439314 0.512806826 2.040084506 TWN90
20.492997 123.8103957 6.041595363 77.67374161 5.54309525 40.5935588 0.440211768 2.091242544 TWN91
20.686918 130.3629672 6.301710441 77.66962107 6.053115592 46.6402305 0.452588898 2.204034202 TWN92
20.883467 149.2169647 7.145219936 86.38516527 5.872513482 56.95928598 0.436918422 2.428255355 TWN93
21.087873 160.5191085 7.611915557 93.22967444 7.419828928 59.86960519 0.464649465 2.608397158 TWN94
21.282829 180.5991935 8.485676106 106.167062 7.960940607 66.47119092 0.464639845 2.859403569 TWN95
21.448723 195.1581135 9.098822039 113.0627028 9.097098884 72.99831182 0.488166921 3.060158154 TWN96
21.628605 207.1417573 9.577213015 112.0151928 10.85838519 84.26817932 0.474077588 3.201931838 TWN97
21.823024 218.9729218 10.03403203 115.0032338 12.72627376 91.24341416 0.487019134 3.390480663 TWN98
21.99346 220.4541558 10.0236232 111.5366946 12.80837875 96.10908245 0.49111075 3.541917436 TWN99
22.151237 247.9700277 11.19440994 122.3450462 14.10153238 111.5234491 0.489949862 3.767999481 TWN00
22.3037 245.1217983 10.99018541 109.5621574 14.03995363 121.5196872 0.463107506 3.853216997 TWN01
22.454239 269.435068 11.99929635 123.6375565 16.68783963 129.1096718 0.474438826 4.013722874 TWN02
22.603 285.602063 12.63558213 132.1506781 17.05731209 136.3940728 0.470546216 4.202071169 TWN03
22.749838 308.0029981 13.53868973 137.1386742 20.48519551 150.3791284 0.471087549 4.398537485 TWN04