8 15
38.391094 295.4782963 7.696532335 53.78943911 0 241.6888572 4.045774747 3.521272664 ZAF90
39.183648 307.7215112 7.853314504 57.87684959 0 249.8446616 4.119705332 3.673966184 ZAF91
39.964159 317.0215522 7.932646656 59.87551693 0.077934335 257.068101 4.214389684 3.759609551 ZAF92
40.639384 315.8805162 7.772768312 58.39382962 3.513511988 253.9731746 4.304300757 3.737828463 ZAF93
41.211897 343.7634119 8.341363463 59.58575268 3.806069745 280.3715894 4.598036007 4.081801339 ZAF94
41.779149 344.037655 8.234673593 60.49330313 3.825967873 279.718384 4.840641102 4.10746164 ZAF95
42.311979 348.8030299 8.243599997 61.78354783 3.59326183 283.4262203 4.855585659 4.162831302 ZAF96
42.835005 380.0238719 8.871806408 60.08796394 3.506939008 316.4289689 5.437764259 4.554393397 ZAF97
43.334603 361.7794006 8.348510788 64.02429483 3.121607741 294.6334981 5.5246084 4.346658999 ZAF98
43.745636 368.5118607 8.423968523 67.96215701 3.024010186 297.5256935 5.43433434 4.421685312 ZAF99
44.066197 378.590246 8.591398209 65.57141559 3.530202877 309.4886275 5.578077359 4.551349739 ZAF00
44.296012 387.7434347 8.753461479 65.6581968 4.408580874 317.676657 5.618071602 4.636725725 ZAF01
44.433622 374.6515298 8.431712585 68.32893419 4.798971095 301.5236245 5.520184048 4.519104112 ZAF02
44.481901 409.8796944 9.214527374 70.91103717 4.759932073 334.2087252 5.91345617 4.889454857 ZAF03
44.44847 429.5641954 9.664319052 72.61642383 4.625924688 352.3218469 6.064879976 5.118615534 ZAF04