8 15
841.655108 588.2418267 0.698910778 160.0559194 34.27509258 393.9108148 6.820947946 8.022953616 IND90
857.374818 617.2814079 0.719966804 162.3102181 38.67333195 416.2978578 7.162433648 8.378308826 IND91
873.193449 654.3708265 0.749399606 172.4897446 38.7162054 443.1648765 7.332902728 8.857540856 IND92
889.282453 680.6998243 0.765448393 177.670552 37.31964869 465.7096235 7.485007427 9.241531294 IND93
905.637981 729.2592255 0.805243641 192.2545285 40.07392442 496.9307725 8.000962133 9.974163697 IND94
922.076842 867.0807463 0.940356277 214.537163 43.43555156 609.1080317 9.483815197 11.4911105 IND95
938.372967 829.8729603 0.884374326 226.5765541 42.40138222 560.895024 8.746339389 11.14148918 IND96
954.605675 873.4707969 0.915006918 238.4927808 43.53743571 591.4405804 9.16571417 11.75700504 IND97
970.750461 901.3498721 0.928508312 254.8910765 48.80117179 597.6576238 9.36777457 12.22008416 IND98
986.788914 934.8104065 0.947325607 265.3820033 48.28832577 621.1400775 9.584255467 12.79693547 IND99
1002.708291 1000.688415 0.997985579 278.7107959 50.76266149 671.2149572 9.830684627 13.5540484 IND00
1018.504329 1018.60822 1.000102004 278.9614175 51.0413248 688.605478 10.29122026 13.97342813 IND01
1034.172547 1024.353009 0.990504932 297.8513187 55.37141232 671.1302776 10.09962807 13.96465915 IND02
1049.700118 1041.946213 0.992613218 292.981242 58.68232815 690.2826423 10.64644837 14.43569228 IND03
1065.070607 1112.840071 1.044850983 305.9265229 65.54748496 741.3660628 11.05503733 15.41654306 IND04