8 15
22.865945 174.0360643 7.611146809 56.28467589 71.22982979 46.52155864 1.872684407 2.81237161 ROU90
22.825559 134.3151585 5.88441924 41.08801532 55.39716601 37.8299772 1.621512203 2.207188822 ROU91
22.797027 127.1270803 5.57647628 38.09993567 49.84945944 39.17768522 1.488013537 2.031369803 ROU92
22.768538 122.9300644 5.399119802 36.87601604 47.95051906 38.10352928 1.465832371 1.978173181 ROU93
22.73868 116.6345789 5.129346951 32.93567972 44.91174146 38.78715775 1.432170484 1.873818124 ROU94
22.69283 122.7261553 5.408146771 35.66340974 47.54022443 39.52252112 1.457943761 2.014986612 ROU95
22.627562 125.4960701 5.546159595 37.64027959 47.18599425 40.66979626 1.430023131 2.049254784 ROU96
22.562458 119.2899608 5.287099518 40.13067897 43.5926425 35.56663935 1.402518239 2.023420558 ROU97
22.515824 99.70138346 4.428058394 36.82439767 34.13211158 28.74487422 1.25240369 1.735223 ROU98
22.480527 91.32930529 4.062596277 31.4675585 32.64810672 27.21364007 1.217560611 1.601684598 ROU99
22.451921 92.44906088 4.117645919 31.90963797 31.53510309 29.00431982 1.190189786 1.584216298 ROU00
22.428044 101.2013417 4.512267843 33.00227025 36.54361946 31.65545202 1.250083832 1.713398837 ROU01
22.404337 99.24238405 4.429605931 32.98536191 33.94661097 32.31041117 1.199500492 1.683002685 ROU02
22.380273 98.97131455 4.422256804 31.2043687 33.39010915 34.37683671 1.137137903 1.62986552 ROU03
22.355551 95.29057778 4.262501863 32.68137321 33.39010915 29.21909542 1.146116584 1.644195051 ROU04