8 15
20.018546 122.9643189 6.142519987 11.04493892 0 111.91938 1.315513511 1.531698075 PRK90
20.361086 119.7993867 5.883742481 11.45054008 0 108.3488466 1.273692626 1.494845053 PRK91
20.711375 104.4932336 5.045209872 11.00942018 0 93.48381343 1.100175551 1.316351887 PRK92
21.064115 96.72763516 4.592057875 10.85872882 0 85.86890635 1.01041861 1.218388809 PRK93
21.339904 89.6365319 4.200418704 10.50520039 0 79.13133152 0.960885765 1.145093978 PRK94
21.561856 82.26741672 3.815414439 9.525249039 0 72.74216768 0.909191397 1.065913982 PRK95
21.648743 70.90074885 3.275051529 7.213482794 0 63.68726606 0.817037084 0.917436351 PRK96
21.585105 65.69972164 3.043752701 6.150436404 0 59.54928524 0.752059898 0.838079278 PRK97
21.4549 59.19551728 2.759067499 5.4633836 0 53.73213368 0.684329006 0.759583074 PRK98
21.444989 65.10678302 3.035990507 4.71306409 0 60.39371893 0.760657511 0.82335959 PRK99
21.647682 68.72095244 3.174517828 4.053797402 0 64.66715504 0.806279686 0.859263799 PRK00
21.940326 70.4187577 3.209558404 3.638147004 0 66.7806107 0.83045579 0.881548974 PRK01
22.215365 67.27440715 3.028282774 3.998338381 0 63.27606877 0.79147761 0.846654675 PRK02
22.466481 68.44208399 3.046408736 3.996256709 0 64.44582728 0.815851711 0.871193337 PRK03
22.697553 69.35450804 3.055594057 4.07431696 0 65.28019108 0.852163947 0.890607152 PRK04