8 13
148.40165 2009.959427 13.5440504 630.7084648 896.3980223 482.8529403 47.99769929 34.09818998 RUS92
148.392385 1864.489935 12.56459309 541.061831 876.4928933 446.9352108 44.69063441 31.97390416 RUS93
148.446239 1689.478568 11.38108031 453.0166795 823.0768163 413.3850727 42.32283413 29.22715614 RUS94
148.495015 1590.822764 10.71297083 423.766878 772.758506 394.2973799 41.43637357 27.94237351 RUS95
148.318876 1569.917555 10.58474549 376.0468153 772.5704752 421.300264 41.34859816 27.35855016 RUS96
148.077459 1457.292677 9.841421419 367.5664449 727.6292047 362.097027 40.38135292 25.77056814 RUS97
147.826912 1463.140765 9.8976617 361.5292579 760.7206486 340.8908586 40.75514184 25.95736224 RUS98
147.369604 1536.425407 10.42566015 360.8834604 758.9991284 416.5428184 42.41454117 27.01034515 RUS99
146.731774 1556.266024 10.60619647 367.2880393 765.3113691 423.6666156 43.36623503 27.45757886 RUS00
146.018987 1545.545849 10.58455397 357.9881091 780.6137709 406.9439691 44.52213561 27.70346751 RUS01
145.266326 1547.302104 10.65148508 351.3031774 789.0300919 406.9688351 45.89421489 27.92773161 RUS02
144.586191 1602.351005 11.08232394 364.3690069 828.2424964 409.739502 48.84655457 28.76289135 RUS03
143.974059 1684.836903 11.7023644 376.3436827 867.837461 440.6557592 51.68884347 30.06247107 RUS04