8 15
27.7906 478.5681911 17.22050589 223.8223756 131.4009258 123.3448896 13.40309163 11.13442866 CAN90
28.1176 463.4669666 16.48316238 214.1851456 133.1237381 116.1580829 13.95642503 11.1159823 CAN91
28.523502 483.2735272 16.94299414 219.1561863 144.0634357 120.0539052 14.45957494 11.44161029 CAN92
28.920644 482.8619798 16.69610054 221.7467001 148.7300829 112.3851969 15.37542651 11.70817349 CAN93
29.262472 492.5005084 16.83044783 223.2227325 153.8625296 115.4152463 16.33664412 12.02504973 CAN94
29.619002 504.9327437 17.04759477 228.069136 159.2861266 117.577481 16.82992598 12.21563772 CAN95
29.983162 516.2089143 17.21662693 235.1902016 161.796658 119.2220547 17.22282562 12.55208018 CAN96
30.305843 540.5158576 17.83536784 247.2904772 160.4100201 132.8153603 17.47672704 12.64489673 CAN97
30.628924 544.3209518 17.77146829 248.8110786 157.0334426 138.4764305 17.4339958 12.32964251 CAN98
30.957019 558.4421373 18.03927366 251.1368932 172.1986744 135.1065697 17.67700126 12.92334424 CAN99
31.278097 568.2253651 18.16687777 254.7518962 165.4568911 148.0165779 18.12399789 13.04994738 CAN00
31.592805 555.1505446 17.57205619 258.6310767 172.2300472 124.2894207 18.0169664 12.82275309 CAN01
31.902268 563.2422453 17.65524148 263.0940793 175.0880226 125.0601434 18.35304957 13.07624438 CAN02
32.207113 593.0950719 18.41503372 278.6503942 186.380945 128.0637327 18.30501684 13.52038549 CAN03
32.507874 587.9820512 18.08737327 289.5078638 186.1720209 112.3021665 18.61656022 13.60020452 CAN04