8 15
250.131894 5013.453573 20.04323996 2179.583166 1050.341115 1783.529293 70.79152203 84.66786554 US90
253.492503 4965.427759 19.58806553 2125.287729 1072.855423 1767.284607 70.43382995 84.59379489 US91
256.894189 5068.783153 19.73101522 2175.406441 1111.509299 1781.867413 69.99916035 85.93203828 US92
260.255352 5169.217094 19.86209718 2178.620336 1142.346637 1848.25012 68.33425166 87.65137686 US93
263.435673 5237.741944 19.88243234 2212.681151 1164.711152 1860.349642 70.71961765 89.29133934 US94
266.557091 5292.669843 19.85567078 2194.771308 1218.464919 1879.433616 71.1350806 91.19949008 US95
269.667391 5480.414931 20.32286852 2278.57659 1241.020343 1960.817998 72.47424352 94.22688537 US96
272.91176 5547.896313 20.32853518 2296.56013 1245.853101 2005.483083 72.4614955 94.80004616 US97
276.115288 5585.267198 20.2280259 2348.676331 1213.591892 2022.998975 72.84165106 95.20093721 US98
279.294713 5656.966047 20.25446879 2416.314488 1216.440074 2024.211485 71.71467615 96.83684767 US99
282.338631 5815.504413 20.59762206 2438.525372 1261.23767 2115.74137 71.28924382 98.97624598 US00
285.023886 5741.674936 20.14453952 2475.58481 1210.502787 2055.587339 71.90986018 96.49825386 US01
287.675526 5756.956619 20.01197912 2457.506721 1249.648497 2049.801401 70.85931112 97.96685486 US02
290.342554 5807.710631 20.00296047 2497.460451 1220.05702 2090.19316 70.13686878 98.27376185 US03
293.027571 5912.207212 20.17628304 2595.184056 1227.070675 2089.952481 70.38767065 100.4142281 US04