8 15
365.071389 3294.129837 150.6980653 1634.05905 506.058707 1154.01208 29.70477734 71.69765537 EU90
366.781343 3312.687953 154.990754 1698.239341 561.1307507 1053.317862 29.56704503 73.37776134 EU91
368.552547 3209.74281 150.1046751 1724.986123 551.9164169 932.8402706 29.27677771 72.36725095 EU92
370.225439 3201.28867 151.8176911 1715.580833 584.5140223 901.1938139 29.63562389 73.34148871 EU93
371.571899 3182.916942 151.4526618 1709.762838 597.3035771 875.8505261 30.28154911 73.46601983 EU94
372.733252 3230.484746 146.737996 1734.591738 648.2851472 847.6078606 30.74025591 74.67019745 EU95
373.798241 3297.364184 150.6786549 1777.262734 703.1751682 816.9262818 32.05920467 77.30280627 EU96
374.77147 3315.104196 152.1132914 1789.843602 690.9208637 834.3397305 31.66721034 77.15894319 EU97
375.66597 3353.593442 149.642397 1825.733507 717.5893436 810.2705906 31.49482134 78.27069652 EU98
376.621774 3320.11444 148.6752541 1788.613479 757.47888 774.022081 31.80759151 78.52661586 EU99
377.725691 3384.054547 151.881989 1782.258668 777.2944688 824.5014105 31.27104262 79.58456292 EU00
378.81808 3466.036813 156.646279 1819.465633 791.204768 855.3664117 31.78798102 81.35552499 EU01
379.80006 3427.568578 156.0554202 1800.015933 804.470605 823.0820405 31.19986137 80.68002836 EU02
380.721782 3532.850159 163.0712207 1842.297935 842.4466625 848.105562 30.80214249 82.50670209 EU03
381.578023 3579.280508 165.2221857 1858.477605 872.629834 848.1730695 30.59346717 84.00043859 EU04