8 15
19.325222 108.276334 5.60285072 52.74563195 54.98233939 0.548362647 6.305854209 2.084704455 VEN90
19.801117 110.0182204 5.55616233 52.98510282 57.03146291 0.00165463 6.961082973 2.208925497 VEN91
20.265563 110.9271254 5.47367598 55.67958813 55.23655095 0.010986327 6.955102584 2.21554547 VEN92
20.704455 112.8860717 5.452259996 54.68861208 58.103637 0.093822665 7.26089084 2.291403656 VEN93
21.134951 118.5647947 5.6098921 56.87349064 61.50807034 0.183233671 7.698735984 2.434398709 VEN94
21.555902 123.4715232 5.727968296 60.08865469 63.3655116 0.017356955 8.078652081 2.467433691 VEN95
21.968602 132.4023868 6.026891781 58.37064909 73.52461175 0.50712599 8.618476807 2.573981812 VEN96
22.374398 134.0440558 5.990956977 57.97015659 75.94314107 0.130758143 9.482902371 2.659233106 VEN97
22.772515 141.3471712 6.206919665 58.74438257 78.92167224 3.681116369 9.44805228 2.851175393 VEN98
23.162188 132.2957696 5.711712971 60.59067659 71.56575822 0.139334837 8.539727782 2.728754876 VEN99
23.542649 133.4912727 5.670189142 63.2764183 69.71420306 0.500651369 9.371293916 2.766369026 VEN00
23.91681 147.8711744 6.182729822 70.39949752 77.28463987 0.18703705 9.229272484 3.02769726 VEN01
24.28767 145.7637349 6.001552839 73.62600059 72.06956447 0.068169791 8.158649103 2.930761323 VEN02
24.654694 132.7662544 5.385029497 72.00863298 60.59781904 0.159802414 7.32154349 2.721048712 VEN03
25.017387 142.680366 5.703248144 74.58680833 68.05750364 0.036053998 8.031014765 2.883672443 VEN04