8 15
84.913652 300.0872296 59.45160893 231.0172929 53.79336379 15.29308754 7.708564789 5.048253231 MEX90
86.488032 307.7148348 60.24087814 237.429122 55.91050943 14.39233186 8.011318769 5.210114997 MEX91
88.11103 311.1498885 60.29259288 238.7863509 56.18638121 16.19629774 8.008927751 5.31244246 MEX92
89.749141 314.1130865 59.21891413 237.3128052 60.09892424 16.65747898 8.108038402 5.314846674 MEX93
91.337896 333.7434898 60.30668178 253.7330773 62.97652712 17.25721355 8.096628529 5.508285428 MEX94
92.880353 318.702991 58.37370907 234.1504533 65.41358315 19.52595894 8.033240765 5.421770704 MEX95
94.398579 329.4811839 58.59004208 233.2063394 74.01284547 22.85067015 8.745445594 5.530816716 MEX96
95.895146 346.5303227 59.20291674 242.847834 79.69954836 24.46157999 9.060671667 5.677272345 MEX97
97.325063 368.3849625 61.2388042 257.5492255 86.33003991 25.07729142 9.307032748 5.960070477 MEX98
98.616905 360.464621 61.21002009 252.794007 81.22757649 26.94388255 9.056792635 6.036342736 MEX99
99.92662 379.9854511 63.27104175 265.2173012 87.8154934 27.57278421 9.340343423 6.322461346 MEX00
101.246961 377.4971285 61.80824545 260.2516311 86.84091489 30.3142156 9.541334007 6.257897017 MEX01
102.479927 385.3566446 61.51878104 251.60138 99.76741686 32.40264027 10.80664048 6.30444019 MEX02
103.718062 391.0326677 62.48868003 250.3376915 101.7298173 37.21674161 10.08064486 6.481204789 MEX03
104.959594 385.4575079 62.20072712 253.7156522 99.80334526 30.00486857 10.27630405 6.528563065 MEX04