8 15
38.119408 330.7111386 8.675663028 41.8614989 20.58077358 268.2688662 3.860119821 3.948925614 POL90
38.253222 326.3321743 8.530841514 39.91617163 18.45185547 267.9641472 3.721862732 3.872526599 POL91
38.370697 321.024216 8.366390009 37.5422347 18.06009295 265.4218884 3.658624549 3.834308332 POL92
38.467746 335.9807516 8.734089895 42.86485439 18.96174148 274.1541558 3.676378277 3.975212625 POL93
38.548296 319.5820742 8.290433233 43.24945327 19.41690777 256.9157132 3.730542097 3.826831415 POL94
38.600642 306.1002651 7.929926789 43.38678089 20.32970312 242.383781 3.59733299 3.715812913 POL95
38.629842 341.8270453 8.848781863 48.65954869 22.85440552 270.3130911 3.834318521 4.152130658 POL96
38.654957 333.6395904 8.631223944 51.43802076 22.89978512 259.3017845 3.839655274 4.092862092 POL97
38.668756 311.182283 8.047382828 53.04236029 22.71669882 235.4232239 3.361603372 3.856919509 POL98
38.665539 324.3253542 8.387969303 56.37961722 21.5635618 246.3821752 3.507730213 3.993844643 POL99
38.654164 290.0721029 7.504291203 53.04895649 23.2536774 213.769469 3.060752162 3.627941157 POL00
38.643641 274.1752189 7.094963409 52.13523725 23.7932213 198.2467603 3.083408169 3.45786494 POL01
38.625976 272.419052 7.052742228 51.21319372 23.49602322 197.7098351 3.088624713 3.448755853 POL02
38.602853 285.771215 7.402852193 54.99755234 26.09678833 204.6768743 3.087226711 3.617991417 POL03
38.580445 287.6459907 7.455745799 56.33689781 27.60372069 203.7053722 3.04145258 3.667189835 POL04