8 313
17.022133 262.7667114 15.43676761 95.38250096 34.85799059 132.5262199 6.144310579 3.718075263 AUS90
17.257526 263.4723104 15.26709624 93.36012586 32.68014688 137.4320376 6.289699754 3.708916016 AUS91
17.481977 276.237352 15.80126504 98.01707624 33.73826649 144.4820093 6.565582797 3.817020878 AUS92
17.688687 281.0651078 15.88954046 101.2273867 35.09186584 144.7458552 6.609968594 3.91614524 AUS93
17.892557 279.0009996 15.59313181 104.1042977 36.58140673 138.3152953 6.909955523 3.91767409 AUS94
18.116171 284.8350815 15.72269777 105.002785 39.26470392 140.5675926 7.423951345 4.050353779 AUS95
18.348078 297.5430653 16.21657949 105.4695138 39.62123855 152.4523129 7.571375586 4.223340052 AUS96
18.565243 326.86827 17.60646332 107.0070946 39.86425812 179.9969173 8.310526864 4.560134692 AUS97
18.768789 333.2648046 17.75632965 111.154269 41.70808728 180.4024483 8.661854641 4.595390588 AUS98
18.968247 350.8170474 18.49496411 114.1509535 43.45502811 193.2110658 8.867776766 4.819522543 AUS99
19.16462 353.2025758 18.42992847 113.9574418 45.42068307 193.8244509 9.684649255 4.83251974 AUS00
19.357594 366.5098513 18.93364699 115.1666893 47.72197798 203.621184 10.26527802 4.993398957 AUS01
19.546792 374.3533436 19.15165126 116.6764917 50.3877261 207.2891258 10.51061268 5.097017823 AUS02
19.731984 371.702066 18.83754142 116.4360603 52.02929647 203.2367092 10.35485931 5.092657062 AUS03
19.913144 386.1775027 19.39309547 117.073242 52.35787241 216.7463883 10.55533594 5.266284743 AUS04
27.7906 478.5681911 17.22050589 223.8223756 131.4009258 123.3448896 13.40309163 11.13442866 CAN90
28.1176 463.4669666 16.48316238 214.1851456 133.1237381 116.1580829 13.95642503 11.1159823 CAN91
28.523502 483.2735272 16.94299414 219.1561863 144.0634357 120.0539052 14.45957494 11.44161029 CAN92
28.920644 482.8619798 16.69610054 221.7467001 148.7300829 112.3851969 15.37542651 11.70817349 CAN93
29.262472 492.5005084 16.83044783 223.2227325 153.8625296 115.4152463 16.33664412 12.02504973 CAN94
29.619002 504.9327437 17.04759477 228.069136 159.2861266 117.577481 16.82992598 12.21563772 CAN95
29.983162 516.2089143 17.21662693 235.1902016 161.796658 119.2220547 17.22282562 12.55208018 CAN96
30.305843 540.5158576 17.83536784 247.2904772 160.4100201 132.8153603 17.47672704 12.64489673 CAN97
30.628924 544.3209518 17.77146829 248.8110786 157.0334426 138.4764305 17.4339958 12.32964251 CAN98
30.957019 558.4421373 18.03927366 251.1368932 172.1986744 135.1065697 17.67700126 12.92334424 CAN99
31.278097 568.2253651 18.16687777 254.7518962 165.4568911 148.0165779 18.12399789 13.04994738 CAN00
31.592805 555.1505446 17.57205619 258.6310767 172.2300472 124.2894207 18.0169664 12.82275309 CAN01
31.902268 563.2422453 17.65524148 263.0940793 175.0880226 125.0601434 18.35304957 13.07624438 CAN02
32.207113 593.0950719 18.41503372 278.6503942 186.380945 128.0637327 18.30501684 13.52038549 CAN03
32.507874 587.9820512 18.08737327 289.5078638 186.1720209 112.3021665 18.61656022 13.60020452 CAN04
1148.36447 2241.169646 1.951618763 95.38250096 30.03937646 1886.006038 29.38533269 26.98526458 CHN90
1163.607259 2345.639397 2.015834276 93.36012586 31.06809206 1960.736339 29.68840343 28.20991535 CHN91
1177.481574 2421.744363 2.056715295 98.01707624 31.40071415 2022.668159 30.32475511 29.25063259 CHN92
1190.570653 2586.839302 2.172772607 101.2273867 32.8697419 2131.957792 31.83598776 31.30082121 CHN93
1203.433504 2796.069754 2.323410263 104.1042977 34.63100265 2322.126709 34.06267103 34.02281933 CHN94
1215.787464 2873.098039 2.363158138 105.002785 35.6725107 2366.94967 35.46251591 35.15434034 CHN95
1227.767447 2902.098392 2.363719937 105.4695138 39.62901842 2386.138458 36.05908895 35.92419825 CHN96
1239.459096 3036.295874 2.449694293 107.0070946 42.77672321 2459.867461 37.6509733 37.56176139 CHN97
1250.365515 2938.216455 2.349886029 111.154269 44.4567267 2362.883513 36.37256327 37.00260176 CHN98
1260.106742 2901.421427 2.302520358 114.1509535 47.9932911 2287.261193 35.41649486 36.90965229 CHN99
1268.853362 3030.884531 2.388679907 113.9574418 55.35454429 2339.10004 36.67955835 38.79807138 CHN00
1276.8825 3185.289096 2.49458278 115.1666893 59.76306408 2472.212676 39.96661444 40.83478724 CHN01
1284.275902 3305.857626 2.574102357 116.6764917 65.10311384 2555.099991 41.88073411 42.38096856 CHN02
1291.496022 3897.978287 3.018188381 116.4360603 70.14204113 3116.974643 48.64733899 49.72652785 CHN03
1298.847624 4707.281088 3.624198097 117.073242 82.84551044 3808.834264 55.94769929 59.57299082 CHN04
841.655108 588.2418267 0.698910778 160.0559194 34.27509258 393.9108148 6.820947946 8.022953616 IND90
857.374818 617.2814079 0.719966804 162.3102181 38.67333195 416.2978578 7.162433648 8.378308826 IND91
873.193449 654.3708265 0.749399606 172.4897446 38.7162054 443.1648765 7.332902728 8.857540856 IND92
889.282453 680.6998243 0.765448393 177.670552 37.31964869 465.7096235 7.485007427 9.241531294 IND93
905.637981 729.2592255 0.805243641 192.2545285 40.07392442 496.9307725 8.000962133 9.974163697 IND94
922.076842 867.0807463 0.940356277 214.537163 43.43555156 609.1080317 9.483815197 11.4911105 IND95
938.372967 829.8729603 0.884374326 226.5765541 42.40138222 560.895024 8.746339389 11.14148918 IND96
954.605675 873.4707969 0.915006918 238.4927808 43.53743571 591.4405804 9.16571417 11.75700504 IND97
970.750461 901.3498721 0.928508312 254.8910765 48.80117179 597.6576238 9.36777457 12.22008416 IND98
986.788914 934.8104065 0.947325607 265.3820033 48.28832577 621.1400775 9.584255467 12.79693547 IND99
1002.708291 1000.688415 0.997985579 278.7107959 50.76266149 671.2149572 9.830684627 13.5540484 IND00
1018.504329 1018.60822 1.000102004 278.9614175 51.0413248 688.605478 10.29122026 13.97342813 IND01
1034.172547 1024.353009 0.990504932 297.8513187 55.37141232 671.1302776 10.09962807 13.96465915 IND02
1049.700118 1041.946213 0.992613218 292.981242 58.68232815 690.2826423 10.64644837 14.43569228 IND03
1065.070607 1112.840071 1.044850983 305.9265229 65.54748496 741.3660628 11.05503733 15.41654306 IND04
148.40165 2009.959427 13.5440504 630.7084648 896.3980223 482.8529403 47.99769929 34.09818998 RUS92
148.392385 1864.489935 12.56459309 541.061831 876.4928933 446.9352108 44.69063441 31.97390416 RUS93
148.446239 1689.478568 11.38108031 453.0166795 823.0768163 413.3850727 42.32283413 29.22715614 RUS94
148.495015 1590.822764 10.71297083 423.766878 772.758506 394.2973799 41.43637357 27.94237351 RUS95
148.318876 1569.917555 10.58474549 376.0468153 772.5704752 421.300264 41.34859816 27.35855016 RUS96
148.077459 1457.292677 9.841421419 367.5664449 727.6292047 362.097027 40.38135292 25.77056814 RUS97
147.826912 1463.140765 9.8976617 361.5292579 760.7206486 340.8908586 40.75514184 25.95736224 RUS98
147.369604 1536.425407 10.42566015 360.8834604 758.9991284 416.5428184 42.41454117 27.01034515 RUS99
146.731774 1556.266024 10.60619647 367.2880393 765.3113691 423.6666156 43.36623503 27.45757886 RUS00
146.018987 1545.545849 10.58455397 357.9881091 780.6137709 406.9439691 44.52213561 27.70346751 RUS01
145.266326 1547.302104 10.65148508 351.3031774 789.0300919 406.9688351 45.89421489 27.92773161 RUS02
144.586191 1602.351005 11.08232394 364.3690069 828.2424964 409.739502 48.84655457 28.76289135 RUS03
143.974059 1684.836903 11.7023644 376.3436827 867.837461 440.6557592 51.68884347 30.06247107 RUS04
250.131894 5013.453573 20.04323996 2179.583166 1050.341115 1783.529293 70.79152203 84.66786554 US90
253.492503 4965.427759 19.58806553 2125.287729 1072.855423 1767.284607 70.43382995 84.59379489 US91
256.894189 5068.783153 19.73101522 2175.406441 1111.509299 1781.867413 69.99916035 85.93203828 US92
260.255352 5169.217094 19.86209718 2178.620336 1142.346637 1848.25012 68.33425166 87.65137686 US93
263.435673 5237.741944 19.88243234 2212.681151 1164.711152 1860.349642 70.71961765 89.29133934 US94
266.557091 5292.669843 19.85567078 2194.771308 1218.464919 1879.433616 71.1350806 91.19949008 US95
269.667391 5480.414931 20.32286852 2278.57659 1241.020343 1960.817998 72.47424352 94.22688537 US96
272.91176 5547.896313 20.32853518 2296.56013 1245.853101 2005.483083 72.4614955 94.80004616 US97
276.115288 5585.267198 20.2280259 2348.676331 1213.591892 2022.998975 72.84165106 95.20093721 US98
279.294713 5656.966047 20.25446879 2416.314488 1216.440074 2024.211485 71.71467615 96.83684767 US99
282.338631 5815.504413 20.59762206 2438.525372 1261.23767 2115.74137 71.28924382 98.97624598 US00
285.023886 5741.674936 20.14453952 2475.58481 1210.502787 2055.587339 71.90986018 96.49825386 US01
287.675526 5756.956619 20.01197912 2457.506721 1249.648497 2049.801401 70.85931112 97.96685486 US02
290.342554 5807.710631 20.00296047 2497.460451 1220.05702 2090.19316 70.13686878 98.27376185 US03
293.027571 5912.207212 20.17628304 2595.184056 1227.070675 2089.952481 70.38767065 100.4142281 US04
365.071389 3294.129837 150.6980653 1634.05905 506.058707 1154.01208 29.70477734 71.69765537 EU90
366.781343 3312.687953 154.990754 1698.239341 561.1307507 1053.317862 29.56704503 73.37776134 EU91
368.552547 3209.74281 150.1046751 1724.986123 551.9164169 932.8402706 29.27677771 72.36725095 EU92
370.225439 3201.28867 151.8176911 1715.580833 584.5140223 901.1938139 29.63562389 73.34148871 EU93
371.571899 3182.916942 151.4526618 1709.762838 597.3035771 875.8505261 30.28154911 73.46601983 EU94
372.733252 3230.484746 146.737996 1734.591738 648.2851472 847.6078606 30.74025591 74.67019745 EU95
373.798241 3297.364184 150.6786549 1777.262734 703.1751682 816.9262818 32.05920467 77.30280627 EU96
374.77147 3315.104196 152.1132914 1789.843602 690.9208637 834.3397305 31.66721034 77.15894319 EU97
375.66597 3353.593442 149.642397 1825.733507 717.5893436 810.2705906 31.49482134 78.27069652 EU98
376.621774 3320.11444 148.6752541 1788.613479 757.47888 774.022081 31.80759151 78.52661586 EU99
377.725691 3384.054547 151.881989 1782.258668 777.2944688 824.5014105 31.27104262 79.58456292 EU00
378.81808 3466.036813 156.646279 1819.465633 791.204768 855.3664117 31.78798102 81.35552499 EU01
379.80006 3427.568578 156.0554202 1800.015933 804.470605 823.0820405 31.19986137 80.68002836 EU02
380.721782 3532.850159 163.0712207 1842.297935 842.4466625 848.105562 30.80214249 82.50670209 EU03
381.578023 3579.280508 165.2221857 1858.477605 872.629834 848.1730695 30.59346717 84.00043859 EU04
123.537399 1014.8521 8.214938212 667.3109272 102.1141088 245.4270636 3.385493585 18.3564035 JPN90
123.946268 1028.651858 8.299175717 668.6326198 109.114299 250.9049387 3.558295407 18.96522107 JPN91
124.329269 1039.843282 8.363624195 688.6750428 111.7317169 239.4365227 3.478206718 19.20189751 JPN92
124.668019 1043.119586 8.367178641 689.9671634 112.3113477 240.8410747 3.838972046 19.30338971 JPN93
125.01405 1088.003212 8.703047474 709.1162261 120.3653306 258.5216554 3.733037481 20.20465277 JPN94
125.341354 1075.844502 8.583316418 686.1457289 121.8766962 267.8220765 4.124187218 20.71058081 JPN95
125.645311 1103.430685 8.782107956 702.1619798 131.979923 269.2887826 4.22892583 21.26112232 JPN96
125.956499 1141.017423 9.058821354 704.0613536 134.7080944 302.2479748 4.475119848 21.9363801 JPN97
126.246096 1103.150786 8.738098216 676.0636324 139.8356145 287.2515394 4.584763463 21.52247201 JPN98
126.494403 1149.383959 9.086441234 686.6701543 150.9151556 311.7986495 4.361773142 22.01645432 JPN99
126.699784 1190.064396 9.392789458 675.5730826 156.430111 358.0612019 4.405621949 22.44818889 JPN00
126.891645 1169.509374 9.216598728 656.997579 156.3033553 356.2084396 4.377371556 22.1771523 JPN01
127.065841 1186.004149 9.33377641 644.356531 161.8167466 379.8308716 4.061690462 21.99018339 JPN02
127.214499 1244.293801 9.78106907 683.4624716 168.2855125 392.5458174 3.666057944 22.20413245 JPN03
127.333002 1262.098512 9.911794208 665.1394727 163.0816109 433.8774282 4.033606158 22.62406232 JPN04
20.018546 122.9643189 6.142519987 11.04493892 0 111.91938 1.315513511 1.531698075 PRK90
20.361086 119.7993867 5.883742481 11.45054008 0 108.3488466 1.273692626 1.494845053 PRK91
20.711375 104.4932336 5.045209872 11.00942018 0 93.48381343 1.100175551 1.316351887 PRK92
21.064115 96.72763516 4.592057875 10.85872882 0 85.86890635 1.01041861 1.218388809 PRK93
21.339904 89.6365319 4.200418704 10.50520039 0 79.13133152 0.960885765 1.145093978 PRK94
21.561856 82.26741672 3.815414439 9.525249039 0 72.74216768 0.909191397 1.065913982 PRK95
21.648743 70.90074885 3.275051529 7.213482794 0 63.68726606 0.817037084 0.917436351 PRK96
21.585105 65.69972164 3.043752701 6.150436404 0 59.54928524 0.752059898 0.838079278 PRK97
21.4549 59.19551728 2.759067499 5.4633836 0 53.73213368 0.684329006 0.759583074 PRK98
21.444989 65.10678302 3.035990507 4.71306409 0 60.39371893 0.760657511 0.82335959 PRK99
21.647682 68.72095244 3.174517828 4.053797402 0 64.66715504 0.806279686 0.859263799 PRK00
21.940326 70.4187577 3.209558404 3.638147004 0 66.7806107 0.83045579 0.881548974 PRK01
22.215365 67.27440715 3.028282774 3.998338381 0 63.27606877 0.79147761 0.846654675 PRK02
22.466481 68.44208399 3.046408736 3.996256709 0 64.44582728 0.815851711 0.871193337 PRK03
22.697553 69.35450804 3.055594057 4.07431696 0 65.28019108 0.852163947 0.890607152 PRK04
42.869 237.8739957 5.548858048 143.609046 6.320870701 87.94407894 0.862581396 3.809791883 KOR90
43.31803 269.4658927 6.220640522 170.5533076 7.318575054 91.59401007 0.844626829 4.352684 KOR91
43.80545 289.9441459 6.618905772 194.298597 9.594117463 86.05143143 0.787225246 4.893047726 KOR92
44.295873 336.2350957 7.590664162 220.9263662 11.98483063 103.3238989 0.768948092 5.475356241 KOR93
44.780886 353.9533263 7.904116197 229.1176904 15.95337281 108.8822631 0.715967446 5.920607053 KOR94
45.264146 393.3468439 8.690031264 256.0024028 19.29036653 118.0540746 0.771787789 6.515876416 KOR95
45.730245 404.9705754 8.855639751 264.0828457 25.48496073 115.402769 0.818890534 6.867485659 KOR96
46.173816 435.6861073 9.435782983 275.5626934 30.99858872 129.1248251 0.846008125 7.470458346 KOR97
46.589612 377.6155487 8.105144742 213.8815303 28.99793952 134.7360789 0.978776309 6.901112137 KOR98
46.972817 426.1441788 9.072144403 251.3468694 35.31072836 139.4865811 1.105641054 7.549444944 KOR99
47.351083 442.5119255 9.34533906 252.1450078 39.49561086 150.8713068 1.159439296 7.922006907 KOR00
47.697738 438.1957231 9.186928804 242.2817705 42.57600223 153.3379504 1.182771381 8.018116923 KOR01
47.96915 465.4973737 9.704098857 243.8758164 48.22628545 173.3952719 1.232050026 8.423369152 KOR02
48.202264 474.9764591 9.85382054 247.7558733 50.25196885 176.9686169 1.357370271 8.691231236 KOR03
48.426325 496.763775 10.25813491 244.7180829 58.08767107 193.958021 1.355035067 8.985057642 KOR04
33.022202 100.2801341 3.036748854 54.7474868 43.50864404 2.024003241 2.041187627 1.898303643 ARG90
33.491595 108.5387561 3.240775966 58.37380533 47.60268438 2.562266436 2.13817494 2.003462983 ARG91
33.958947 110.7898197 3.262463342 60.44203063 47.41947866 2.928310418 2.332846065 2.097235559 ARG92
34.411978 118.9044632 3.455321958 66.24385159 50.13769709 2.522914518 2.542076563 2.270001515 ARG93
34.86444 115.6575894 3.317351129 60.25108242 51.33280907 4.073697885 2.682152576 2.235731923 ARG94
35.311049 118.8792903 3.366631513 58.75450849 56.5796982 3.545083636 2.91245754 2.310741979 ARG95
35.75359 129.1807155 3.613083764 63.70391076 62.02551257 3.451292198 3.027790288 2.392292815 ARG96
36.203463 129.0485061 3.564534864 66.6576909 59.12727578 3.263539402 3.284683211 2.45948761 ARG97
36.643768 135.0005487 3.684133923 69.79300215 61.71153437 3.496012218 3.377606319 2.57380628 ARG98
37.073828 139.1167064 3.752423579 72.02415549 64.67979101 2.412759847 3.409640818 2.604600579 ARG99
37.497728 136.8601153 3.649824206 69.08822458 65.82701619 1.944874552 3.491812842 2.664323822 ARG00
37.91656 127.3602539 3.3589612 63.65760463 61.98639379 1.716255452 3.659564329 2.607931151 ARG01
38.331121 119.4692181 3.116768176 57.4484029 60.5171554 1.503659791 3.572818012 2.469339933 ARG02
38.740807 133.260326 3.439792207 62.16699888 69.36824764 1.725079494 3.744731145 2.663992223 ARG03
39.144753 142.2517563 3.633992946 64.931065 75.32102184 1.999669441 3.756086382 2.788364383 ARG04
151.083809 222.6615357 1.47376173 180.3241469 8.735956015 33.60143281 3.793535088 5.782579411 BRA90
153.511587 231.5013223 1.508038102 182.4813701 9.40117263 39.61877958 3.951856028 6.029479428 BRA91
155.975974 234.5862384 1.503989572 187.690985 11.02433573 35.87091763 4.000803733 6.119079557 BRA92
158.471338 257.7285705 1.626341859 211.6770153 9.859239485 36.19231565 4.13143409 6.360102075 BRA93
160.994257 268.1340704 1.665488418 222.291396 10.30921797 35.53345645 4.304739686 6.649585234 BRA94
163.542501 288.0071618 1.761053916 240.1726159 10.69738245 37.13716352 4.505014188 7.050889533 BRA95
166.073876 304.980101 1.836412254 254.0406269 12.54009567 38.39937843 4.869853542 7.475964771 BRA96
168.546719 323.4346461 1.91896139 270.2279612 13.59604466 39.61064028 5.102224456 7.881098646 BRA97
170.956177 322.0726951 1.883948862 268.1734468 14.86226493 39.03698341 5.517238371 8.136750374 BRA98
173.293681 333.6477025 1.925331037 276.8907847 16.78529796 39.97161986 5.925546692 8.289056448 BRA99
175.552771 345.4293639 1.967666827 280.7887906 22.08261269 42.55796065 6.419420075 8.582130929 BRA00
177.752913 350.1829816 1.970054812 281.5191405 26.49226579 42.17157537 6.214696392 8.501740705 BRA01
179.914212 351.0777083 1.951361732 280.0854314 29.8316869 41.16059008 6.76121241 8.601352696 BRA02
182.032604 320.2398589 1.759244508 247.5777015 30.36361925 42.29853818 7.110571031 8.709198931 BRA03
184.101109 336.713021 1.828957049 257.7325057 36.16243657 42.81807872 7.210428815 9.077607868 BRA04
19.325222 108.276334 5.60285072 52.74563195 54.98233939 0.548362647 6.305854209 2.084704455 VEN90
19.801117 110.0182204 5.55616233 52.98510282 57.03146291 0.00165463 6.961082973 2.208925497 VEN91
20.265563 110.9271254 5.47367598 55.67958813 55.23655095 0.010986327 6.955102584 2.21554547 VEN92
20.704455 112.8860717 5.452259996 54.68861208 58.103637 0.093822665 7.26089084 2.291403656 VEN93
21.134951 118.5647947 5.6098921 56.87349064 61.50807034 0.183233671 7.698735984 2.434398709 VEN94
21.555902 123.4715232 5.727968296 60.08865469 63.3655116 0.017356955 8.078652081 2.467433691 VEN95
21.968602 132.4023868 6.026891781 58.37064909 73.52461175 0.50712599 8.618476807 2.573981812 VEN96
22.374398 134.0440558 5.990956977 57.97015659 75.94314107 0.130758143 9.482902371 2.659233106 VEN97
22.772515 141.3471712 6.206919665 58.74438257 78.92167224 3.681116369 9.44805228 2.851175393 VEN98
23.162188 132.2957696 5.711712971 60.59067659 71.56575822 0.139334837 8.539727782 2.728754876 VEN99
23.542649 133.4912727 5.670189142 63.2764183 69.71420306 0.500651369 9.371293916 2.766369026 VEN00
23.91681 147.8711744 6.182729822 70.39949752 77.28463987 0.18703705 9.229272484 3.02769726 VEN01
24.28767 145.7637349 6.001552839 73.62600059 72.06956447 0.068169791 8.158649103 2.930761323 VEN02
24.654694 132.7662544 5.385029497 72.00863298 60.59781904 0.159802414 7.32154349 2.721048712 VEN03
25.017387 142.680366 5.703248144 74.58680833 68.05750364 0.036053998 8.031014765 2.883672443 VEN04
38.119408 330.7111386 8.675663028 41.8614989 20.58077358 268.2688662 3.860119821 3.948925614 POL90
38.253222 326.3321743 8.530841514 39.91617163 18.45185547 267.9641472 3.721862732 3.872526599 POL91
38.370697 321.024216 8.366390009 37.5422347 18.06009295 265.4218884 3.658624549 3.834308332 POL92
38.467746 335.9807516 8.734089895 42.86485439 18.96174148 274.1541558 3.676378277 3.975212625 POL93
38.548296 319.5820742 8.290433233 43.24945327 19.41690777 256.9157132 3.730542097 3.826831415 POL94
38.600642 306.1002651 7.929926789 43.38678089 20.32970312 242.383781 3.59733299 3.715812913 POL95
38.629842 341.8270453 8.848781863 48.65954869 22.85440552 270.3130911 3.834318521 4.152130658 POL96
38.654957 333.6395904 8.631223944 51.43802076 22.89978512 259.3017845 3.839655274 4.092862092 POL97
38.668756 311.182283 8.047382828 53.04236029 22.71669882 235.4232239 3.361603372 3.856919509 POL98
38.665539 324.3253542 8.387969303 56.37961722 21.5635618 246.3821752 3.507730213 3.993844643 POL99
38.654164 290.0721029 7.504291203 53.04895649 23.2536774 213.769469 3.060752162 3.627941157 POL00
38.643641 274.1752189 7.094963409 52.13523725 23.7932213 198.2467603 3.083408169 3.45786494 POL01
38.625976 272.419052 7.052742228 51.21319372 23.49602322 197.7098351 3.088624713 3.448755853 POL02
38.602853 285.771215 7.402852193 54.99755234 26.09678833 204.6768743 3.087226711 3.617991417 POL03
38.580445 287.6459907 7.455745799 56.33689781 27.60372069 203.7053722 3.04145258 3.667189835 POL04
22.865945 174.0360643 7.611146809 56.28467589 71.22982979 46.52155864 1.872684407 2.81237161 ROU90
22.825559 134.3151585 5.88441924 41.08801532 55.39716601 37.8299772 1.621512203 2.207188822 ROU91
22.797027 127.1270803 5.57647628 38.09993567 49.84945944 39.17768522 1.488013537 2.031369803 ROU92
22.768538 122.9300644 5.399119802 36.87601604 47.95051906 38.10352928 1.465832371 1.978173181 ROU93
22.73868 116.6345789 5.129346951 32.93567972 44.91174146 38.78715775 1.432170484 1.873818124 ROU94
22.69283 122.7261553 5.408146771 35.66340974 47.54022443 39.52252112 1.457943761 2.014986612 ROU95
22.627562 125.4960701 5.546159595 37.64027959 47.18599425 40.66979626 1.430023131 2.049254784 ROU96
22.562458 119.2899608 5.287099518 40.13067897 43.5926425 35.56663935 1.402518239 2.023420558 ROU97
22.515824 99.70138346 4.428058394 36.82439767 34.13211158 28.74487422 1.25240369 1.735223 ROU98
22.480527 91.32930529 4.062596277 31.4675585 32.64810672 27.21364007 1.217560611 1.601684598 ROU99
22.451921 92.44906088 4.117645919 31.90963797 31.53510309 29.00431982 1.190189786 1.584216298 ROU00
22.428044 101.2013417 4.512267843 33.00227025 36.54361946 31.65545202 1.250083832 1.713398837 ROU01
22.404337 99.24238405 4.429605931 32.98536191 33.94661097 32.31041117 1.199500492 1.683002685 ROU02
22.380273 98.97131455 4.422256804 31.2043687 33.39010915 34.37683671 1.137137903 1.62986552 ROU03
22.355551 95.29057778 4.262501863 32.68137321 33.39010915 29.21909542 1.146116584 1.644195051 ROU04
57.035717 201.7909606 3.537975347 149.2468981 49.20849315 3.335569333 7.670344331 3.09739393 IRN90
59.112783 226.191562 3.826440755 157.3514619 65.38475316 3.455346903 8.265443993 3.226859374 IRN91
60.397973 232.8578368 3.855391583 159.0832475 69.96663812 3.807951091 8.527267402 3.349755986 IRN92
60.710118 236.4332362 3.894461812 164.3804644 68.15507894 3.897692828 8.832952805 3.472900683 IRN93
60.873019 248.7726255 4.086746963 165.2180014 78.94725074 4.607373359 9.16213388 3.678785417 IRN94
61.628116 260.1335933 4.221021349 165.4629072 90.59787284 4.072813284 9.347229905 3.818223621 IRN95
62.446542 260.9727188 4.179138034 155.9633085 100.6322194 4.377190814 9.646075307 3.954639739 IRN96
63.327987 288.4936016 4.555546691 171.2204951 112.9247302 4.348376299 9.83963354 4.426505085 IRN97
64.163217 292.4230698 4.557487661 167.7503664 120.2431845 4.42951882 9.895552794 4.575616822 IRN98
64.916654 314.9044946 4.850904586 173.5658676 137.0095317 4.32909533 9.999155442 4.828064441 IRN99
65.660289 318.2684559 4.847198524 170.8671408 143.0929075 4.308407561 10.4002054 5.006419436 IRN00
66.425876 332.1973802 5.0010237 176.4901199 151.7529143 3.954345945 10.67233094 5.380206363 IRN01
66.907826 362.7165574 5.42113799 187.4163645 171.0388336 4.261359236 10.44879504 5.880366078 IRN02
67.147618 384.5022471 5.726223186 195.9340691 184.4406555 4.127522398 11.35890808 6.170655001 IRN03
67.503205 401.9067197 5.953890926 207.5260547 190.806082 3.574583034 12.05006859 6.449068709 IRN04
16.060761 207.7480363 12.9351303 138.7340174 69.01401888 0 15.92029353 3.341335709 SAU90
16.305774 226.129894 13.86808709 139.8367119 86.27415604 0.019026027 19.74695329 3.492920819 SAU91
16.945857 233.0420579 13.75215535 145.3759698 87.66608809 0 20.39209423 3.657021289 SAU92
18.056656 232.1274617 12.85550668 144.0295513 88.09791049 0 20.10799691 3.777361463 SAU93
19.108307 238.2956385 12.47078763 146.1385272 92.15711128 0 20.39034005 3.893609794 SAU94
19.966998 233.4375057 11.69116688 136.0652131 97.37229257 0 20.65906626 3.819109144 SAU95
20.625641 248.3659323 12.04161036 145.0071544 103.3587778 0 20.81526456 4.097367859 SAU96
21.229759 253.1015355 11.92201643 162.7977859 90.30374966 0 21.24329908 4.358249223 SAU97
21.842982 256.2068959 11.72948345 162.2132423 93.99365355 0 21.41514211 4.535543122 SAU98
22.48364 261.9734174 11.6517351 171.228924 90.74449339 0 20.17832359 4.594328645 SAU99
23.15309 288.21072 12.4480456 189.9463553 98.26436467 0 21.59311239 4.84453776 SAU00
23.832849 299.4269791 12.56362506 194.2080112 105.2189678 0 20.94557205 5.130085926 SAU01
24.50153 309.1852139 12.6190166 198.0908733 111.0943407 0 20.26962081 5.374544006 SAU02
25.15663 344.8816537 13.70937418 227.4290114 117.4526423 0 23.04890042 5.751093054 SAU03
25.795938 365.0691233 14.15219417 236.4527842 128.6046567 0.011682407 24.1590196 6.099525165 SAU04
38.391094 295.4782963 7.696532335 53.78943911 0 241.6888572 4.045774747 3.521272664 ZAF90
39.183648 307.7215112 7.853314504 57.87684959 0 249.8446616 4.119705332 3.673966184 ZAF91
39.964159 317.0215522 7.932646656 59.87551693 0.077934335 257.068101 4.214389684 3.759609551 ZAF92
40.639384 315.8805162 7.772768312 58.39382962 3.513511988 253.9731746 4.304300757 3.737828463 ZAF93
41.211897 343.7634119 8.341363463 59.58575268 3.806069745 280.3715894 4.598036007 4.081801339 ZAF94
41.779149 344.037655 8.234673593 60.49330313 3.825967873 279.718384 4.840641102 4.10746164 ZAF95
42.311979 348.8030299 8.243599997 61.78354783 3.59326183 283.4262203 4.855585659 4.162831302 ZAF96
42.835005 380.0238719 8.871806408 60.08796394 3.506939008 316.4289689 5.437764259 4.554393397 ZAF97
43.334603 361.7794006 8.348510788 64.02429483 3.121607741 294.6334981 5.5246084 4.346658999 ZAF98
43.745636 368.5118607 8.423968523 67.96215701 3.024010186 297.5256935 5.43433434 4.421685312 ZAF99
44.066197 378.590246 8.591398209 65.57141559 3.530202877 309.4886275 5.578077359 4.551349739 ZAF00
44.296012 387.7434347 8.753461479 65.6581968 4.408580874 317.676657 5.618071602 4.636725725 ZAF01
44.433622 374.6515298 8.431712585 68.32893419 4.798971095 301.5236245 5.520184048 4.519104112 ZAF02
44.481901 409.8796944 9.214527374 70.91103717 4.759932073 334.2087252 5.91345617 4.889454857 ZAF03
44.44847 429.5641954 9.664319052 72.61642383 4.625924688 352.3218469 6.064879976 5.118615534 ZAF04
188.751469 150.8533889 0.799217032 94.46487516 40.80922855 15.57928521 5.228609072 2.224920073 IDN90
192.178082 156.2028241 0.812802493 100.1514647 42.03984897 14.01151048 5.808644814 2.311952011 IDN91
195.664008 171.8302681 0.878190475 104.7048178 50.85462077 16.2708295 5.958775303 2.508496697 IDN92
199.20315 198.4378135 0.99615801 111.4837435 61.30662985 25.64744009 6.325734298 2.907244862 IDN93
202.79946 208.331968 1.027280684 112.4793475 65.01380919 30.83881132 6.663617313 3.111944743 IDN94
206.457785 213.0762542 1.032057252 116.0928585 70.54192752 26.44146809 6.970610294 3.258729001 IDN95
210.167302 234.8880895 1.117624327 125.8250634 73.2441305 35.81889563 7.422262528 3.517649841 IDN96
213.894478 244.7958312 1.144470084 139.1081503 74.05034207 31.63733883 7.414439804 3.652582593 IDN97
217.61054 239.364082 1.099965479 135.0057019 66.03011446 38.32826562 7.556309537 3.560429538 IDN98
221.309757 263.3882993 1.190134149 143.3281895 73.81880528 46.24130449 8.015941934 3.915334354 IDN99
224.985037 275.1941404 1.223166412 152.5114115 70.75209214 51.93063683 7.867145482 4.09686089 IDN00
228.640537 297.0386668 1.29915137 156.2159939 77.1325249 63.690148 8.091318978 4.4564956 IDN01
232.27871 311.6200355 1.341578122 164.5825632 78.82623272 68.21123962 8.316797047 4.63388958 IDN02
234.893453 315.0868293 1.341403199 165.3261652 78.27134101 71.4893231 8.547961171 4.695678426 IDN03
238.452952 307.6821638 1.290326504 173.6204585 83.31099165 50.7507137 8.841699992 4.686354719 IDN04
20.278957 117.832681 5.810588829 76.7363977 4.421890175 36.67439314 0.512806826 2.040084506 TWN90
20.492997 123.8103957 6.041595363 77.67374161 5.54309525 40.5935588 0.440211768 2.091242544 TWN91
20.686918 130.3629672 6.301710441 77.66962107 6.053115592 46.6402305 0.452588898 2.204034202 TWN92
20.883467 149.2169647 7.145219936 86.38516527 5.872513482 56.95928598 0.436918422 2.428255355 TWN93
21.087873 160.5191085 7.611915557 93.22967444 7.419828928 59.86960519 0.464649465 2.608397158 TWN94
21.282829 180.5991935 8.485676106 106.167062 7.960940607 66.47119092 0.464639845 2.859403569 TWN95
21.448723 195.1581135 9.098822039 113.0627028 9.097098884 72.99831182 0.488166921 3.060158154 TWN96
21.628605 207.1417573 9.577213015 112.0151928 10.85838519 84.26817932 0.474077588 3.201931838 TWN97
21.823024 218.9729218 10.03403203 115.0032338 12.72627376 91.24341416 0.487019134 3.390480663 TWN98
21.99346 220.4541558 10.0236232 111.5366946 12.80837875 96.10908245 0.49111075 3.541917436 TWN99
22.151237 247.9700277 11.19440994 122.3450462 14.10153238 111.5234491 0.489949862 3.767999481 TWN00
22.3037 245.1217983 10.99018541 109.5621574 14.03995363 121.5196872 0.463107506 3.853216997 TWN01
22.454239 269.435068 11.99929635 123.6375565 16.68783963 129.1096718 0.474438826 4.013722874 TWN02
22.603 285.602063 12.63558213 132.1506781 17.05731209 136.3940728 0.470546216 4.202071169 TWN03
22.749838 308.0029981 13.53868973 137.1386742 20.48519551 150.3791284 0.471087549 4.398537485 TWN04
84.913652 300.0872296 59.45160893 231.0172929 53.79336379 15.29308754 7.708564789 5.048253231 MEX90
86.488032 307.7148348 60.24087814 237.429122 55.91050943 14.39233186 8.011318769 5.210114997 MEX91
88.11103 311.1498885 60.29259288 238.7863509 56.18638121 16.19629774 8.008927751 5.31244246 MEX92
89.749141 314.1130865 59.21891413 237.3128052 60.09892424 16.65747898 8.108038402 5.314846674 MEX93
91.337896 333.7434898 60.30668178 253.7330773 62.97652712 17.25721355 8.096628529 5.508285428 MEX94
92.880353 318.702991 58.37370907 234.1504533 65.41358315 19.52595894 8.033240765 5.421770704 MEX95
94.398579 329.4811839 58.59004208 233.2063394 74.01284547 22.85067015 8.745445594 5.530816716 MEX96
95.895146 346.5303227 59.20291674 242.847834 79.69954836 24.46157999 9.060671667 5.677272345 MEX97
97.325063 368.3849625 61.2388042 257.5492255 86.33003991 25.07729142 9.307032748 5.960070477 MEX98
98.616905 360.464621 61.21002009 252.794007 81.22757649 26.94388255 9.056792635 6.036342736 MEX99
99.92662 379.9854511 63.27104175 265.2173012 87.8154934 27.57278421 9.340343423 6.322461346 MEX00
101.246961 377.4971285 61.80824545 260.2516311 86.84091489 30.3142156 9.541334007 6.257897017 MEX01
102.479927 385.3566446 61.51878104 251.60138 99.76741686 32.40264027 10.80664048 6.30444019 MEX02
103.718062 391.0326677 62.48868003 250.3376915 101.7298173 37.21674161 10.08064486 6.481204789 MEX03
104.959594 385.4575079 62.20072712 253.7156522 99.80334526 30.00486857 10.27630405 6.528563065 MEX04
