8 15
151.083809 222.6615357 1.47376173 180.3241469 8.735956015 33.60143281 3.793535088 5.782579411 BRA90
153.511587 231.5013223 1.508038102 182.4813701 9.40117263 39.61877958 3.951856028 6.029479428 BRA91
155.975974 234.5862384 1.503989572 187.690985 11.02433573 35.87091763 4.000803733 6.119079557 BRA92
158.471338 257.7285705 1.626341859 211.6770153 9.859239485 36.19231565 4.13143409 6.360102075 BRA93
160.994257 268.1340704 1.665488418 222.291396 10.30921797 35.53345645 4.304739686 6.649585234 BRA94
163.542501 288.0071618 1.761053916 240.1726159 10.69738245 37.13716352 4.505014188 7.050889533 BRA95
166.073876 304.980101 1.836412254 254.0406269 12.54009567 38.39937843 4.869853542 7.475964771 BRA96
168.546719 323.4346461 1.91896139 270.2279612 13.59604466 39.61064028 5.102224456 7.881098646 BRA97
170.956177 322.0726951 1.883948862 268.1734468 14.86226493 39.03698341 5.517238371 8.136750374 BRA98
173.293681 333.6477025 1.925331037 276.8907847 16.78529796 39.97161986 5.925546692 8.289056448 BRA99
175.552771 345.4293639 1.967666827 280.7887906 22.08261269 42.55796065 6.419420075 8.582130929 BRA00
177.752913 350.1829816 1.970054812 281.5191405 26.49226579 42.17157537 6.214696392 8.501740705 BRA01
179.914212 351.0777083 1.951361732 280.0854314 29.8316869 41.16059008 6.76121241 8.601352696 BRA02
182.032604 320.2398589 1.759244508 247.5777015 30.36361925 42.29853818 7.110571031 8.709198931 BRA03
184.101109 336.713021 1.828957049 257.7325057 36.16243657 42.81807872 7.210428815 9.077607868 BRA04