8 15
33.022202 100.2801341 3.036748854 54.7474868 43.50864404 2.024003241 2.041187627 1.898303643 ARG90
33.491595 108.5387561 3.240775966 58.37380533 47.60268438 2.562266436 2.13817494 2.003462983 ARG91
33.958947 110.7898197 3.262463342 60.44203063 47.41947866 2.928310418 2.332846065 2.097235559 ARG92
34.411978 118.9044632 3.455321958 66.24385159 50.13769709 2.522914518 2.542076563 2.270001515 ARG93
34.86444 115.6575894 3.317351129 60.25108242 51.33280907 4.073697885 2.682152576 2.235731923 ARG94
35.311049 118.8792903 3.366631513 58.75450849 56.5796982 3.545083636 2.91245754 2.310741979 ARG95
35.75359 129.1807155 3.613083764 63.70391076 62.02551257 3.451292198 3.027790288 2.392292815 ARG96
36.203463 129.0485061 3.564534864 66.6576909 59.12727578 3.263539402 3.284683211 2.45948761 ARG97
36.643768 135.0005487 3.684133923 69.79300215 61.71153437 3.496012218 3.377606319 2.57380628 ARG98
37.073828 139.1167064 3.752423579 72.02415549 64.67979101 2.412759847 3.409640818 2.604600579 ARG99
37.497728 136.8601153 3.649824206 69.08822458 65.82701619 1.944874552 3.491812842 2.664323822 ARG00
37.91656 127.3602539 3.3589612 63.65760463 61.98639379 1.716255452 3.659564329 2.607931151 ARG01
38.331121 119.4692181 3.116768176 57.4484029 60.5171554 1.503659791 3.572818012 2.469339933 ARG02
38.740807 133.260326 3.439792207 62.16699888 69.36824764 1.725079494 3.744731145 2.663992223 ARG03
39.144753 142.2517563 3.633992946 64.931065 75.32102184 1.999669441 3.756086382 2.788364383 ARG04