8	97
8646	2.6889	6.62	54.71	6.3444	2009.2	6.478	0.0222	Algeria
51501	2.9111	17.48	189.75	3.7556	6255.4	6.144	0.6778	Argentina
22069	18.5200	34.10	230.76	11.0556	1111.8	181.367	0.0000	Angola
96706	2.4778	9.44	418.23	4.3222	16819.2	2.733	0.2556	Australia
42781	1.1778	2.98	258.71	6.2667	21689.4	0.156	0.7000	Austria
70413	6.8333	16.29	653.51	9.8556	10327.2	3.389	0.0000	Bahrain
3893	1.6444	12.76	3.32	0.9111	219.4	2.100	0.4778	Bangladesh
52407	2.8444	5.27	568.09	10.8333	20213.4	0.467	0.3333	Belgium
5399	3.3000	23.02	24.53	4.5778	805.8	1.233	0.0000	Bolivia
22316	3.9556	8.81	85.11	3.7556	2085.4	0.733	0.0000	Botswana
15208	1.1333	3.20	39.05	2.9333	3473.9	1.000	1.2556	Brazil
113863	8.9571	21.60	1866.33	16.9143	22080.9	0.488	0.0000	Brunei
40254	11.4571	25.97	802.79	18.4000	6696.7	5.422	2.8667	Bulgaria
9274	1.8556	7.14	15.03	1.6667	785.2	2.044	0.0000	Cameroon
118600	2.0889	8.09	390.50	3.3111	18699.4	0.233	0.5667	Canada
1214	3.2222	13.76	5.68	5.4222	167.0	18.333	0.0000	Chad
10794	3.6889	12.99	95.41	9.0000	2576.5	1.733	1.4000	Chile
14906	4.6667	24.67	51.90	3.5111	1202.6	1.033	4.9667	China
11287	1.7333	12.31	30.84	2.6889	1764.5	3.922	0.0000	Colombia
17247	3.5889	11.41	285.13	17.3333	7724.4	1.978	0.2222	Cyprus
96297	2.2111	5.17	558.53	5.8111	25467.9	0.578	0.1333	Denmark
7782	4.2000	14.10	70.28	8.5556	1723.0	0.438	0.0000	Dominican Republic
5733	1.8778	12.08	23.83	3.9667	1288.3	4.456	0.0000	Ecuador
7624	8.4889	16.94	66.55	8.5778	856.3	16.678	6.4444	Egypt
7059	4.5111	31.10	66.06	9.5000	1466.6	9.088	0.0000	El Salvador
1721	8.3125	32.35	8.28	5.5333	117.8	73.933	0.3333	Ethiopia
46196	1.7111	5.27	344.06	7.5556	20065.6	0.767	0.5778	Finland
81428	3.8333	8.74	815.82	10.0333	21345.3	0.156	3.1889	France
88223	2.9667	9.72	676.61	7.6889	22880.4	0.478	0.7444	Germany,West
2615	0.6625	4.91	2.26	0.8778	682.9	1.333	0.0000	Ghana
23426	5.7667	12.18	463.28	19.7667	8302.4	3.456	0.5667	Greece
485	2.8000	5.26	6.23	11.6444	228.7	24.450	0.0000	Guinea Bissau
2366	4.0333	3.97	19.85	6.6556	495.4	0.967	0.0000	Guyana
42401	5.4000	10.47	445.99	10.3111	8646.6	1.544	2.1000	Hungary
5978	3.2667	15.12	9.72	1.5625	299.3	13.744	0.1111	India
7511	2.0333	9.68	12.02	1.5889	581.8	1.311	0.0000	Indonesia
23541	7.2222	34.17	191.25	8.7333	2778.5	15.733	0.0111	Iran
41690	1.5667	3.07	161.60	3.9444	10574.9	0.122	0.0000	Ireland
47002	17.0889	25.00	2164.53	45.5444	13222.6	8.278	7.8000	Israel
42479	2.3111	4.59	372.56	8.7667	16230.5	0.222	0.8556	Italy
147188	1.0000	5.60	295.79	2.0000	30156.8	0.656	0.1000	Japan
8063	13.5375	34.56	253.87	36.6778	1832.2	16.978	2.2778	Jordan
9615	2.6556	9.31	8.84	0.9111	329.5	2.456	0.0000	Kenya
8015	19.7750	?	354.66	45.5556	1809.1	17.943	21.8286	North Korea
14634	4.5222	25.00	220.00	15.0556	4986.2	1.489	0.5444	South Korea
542327	21.2222	33.39	3776.48	8.6667	20057.7	4.878	0.0000	Kuwait
1115	6.0000	16.00	16.56	13.9333	250.4	53.117	0.0000	Laos
15529	6.4750	17.48	144.82	8.7000	1803.0	4.067	0.0000	Lebanon
49970	14.0400	30.57	1131.76	22.0000	7405.5	23.267	0.6667	Libya
12745	3.6667	10.59	90.92	7.1444	2464.7	1.233	0.0000	Malaysia
2455	4.9143	16.48	22.76	9.0111	455.3	2.378	0.0000	Mauritania
13334	0.6222	2.53	24.55	1.8444	4007.5	0.611	0.0111	Mexico
8544	5.8571	18.07	62.45	7.3556	1055.4	4.500	0.0000	Morocco
79517	2.8667	5.33	567.72	7.1222	19863.8	0.722	0.3111	Netherlands
72104	2.0667	4.73	272.58	3.7889	13250.2	0.989	0.0111	New Zealand
6085	13.3600	20.44	88.28	18.0889	608.5	42.833	0.0000	Nicaragua
3496	0.9571	5.10	2.40	0.6778	233.1	1.222	0.0000	Niger
8470	1.7333	8.36	12.53	1.6333	648.2	3.633	0.0444	Nigeria
77618	3.1222	7.29	750.02	9.7333	24059.3	1.567	0.2000	Norway
90847	23.1000	43.16	1574.25	17.1889	6683.4	5.111	0.0222	Oman
5369	6.4889	27.63	26.26	4.9000	406.9	8.156	2.9444	Pakistan
9521	1.9625	6.44	49.54	5.2444	2601.4	0.800	0.0000	Panama
15285	1.5222	4.40	13.63	0.9222	924.1	1.478	0.0000	Papua New Guinea
16650	4.9714	26.66	110.08	6.2889	2051.7	5.667	0.0000	Peru
9217	1.8889	11.18	17.77	1.9778	940.3	0.833	0.1111	Philippines
42343	7.9333	39.57	481.34	10.6222	6166.2	6.267	7.3778	Poland
21655	2.8889	7.22	209.71	9.7111	7396.8	1.056	1.3778	Portugal
99100	13.2000	29.20	2160.00	20.9111	23191.0	7.078	0.0000	Qatar
38517	5.4778	17.51	365.62	9.5222	6788.7	2.211	2.0333	Romania
102500	12.3667	45.88	1365.03	13.3444	11042.6	1.122	18.8333	USSR
7077	2.5000	14.01	7.39	1.1667	308.2	0.867	0.0000	Rwanda
327880	20.8667	37.39	2085.69	6.7778	9785.3	27.811	0.0333	Saudi Arabia
2142	1.0750	8.34	2.68	1.2000	247.5	1.156	0.0000	Sierra Leone
37239	5.2667	19.90	771.69	20.8444	14734.1	0.689	0.1556	Singapore
50672	4.0222	13.10	130.80	2.5778	3249.0	0.567	0.3778	South Africa
30020	2.1222	6.50	231.80	7.8000	11064.8	1.067	1.6444	Spain
10500	2.8375	8.39	15.62	1.8444	549.0	1.111	0.0000	Sri Lanka
5852	3.7778	45.00	15.50	2.7444	454.2	9.033	0.1667	Sudan
83218	2.8444	6.23	650.29	7.8111	23056.0	0.311	1.0667	Sweden
239552	2.1111	9.80	783.69	3.3556	37088.8	1.233	0.9111	Switzerland
21672	16.1000	42.91	764.53	33.6111	4529.3	52.178	0.4000	Syria
9456	3.2889	18.46	45.74	4.8667	1413.7	2.144	0.0000	Thailand
4490	2.9000	10.01	9.58	2.1222	328.2	0.467	0.0000	Togo
10537	3.0556	7.92	50.58	4.8444	1654.9	2.567	0.0000	Tunisia
5404	3.9556	19.23	83.19	15.5111	2136.9	6.044	0.6667	Turkey
4023	2.8556	26.19	6.24	1.9111	252.4	10.322	0.0000	Uganda
52491	6.6556	47.57	1474.91	28.1222	21968.5	4.456	0.0444	United Arab Emirates
143410	4.6111	12.13	813.49	5.7000	17826.1	0.700	2.7778	United Kingdom
165847	5.9444	25.18	1518.15	9.1667	25734.9	0.444	5.6333	United States
11969	2.5222	9.49	111.09	9.3000	4484.3	0.744	0.0000	Uruguay
20117	2.1000	8.91	77.70	3.9111	3882.7	2.911	0.0000	Venezuela
4328	10.0250	47.70	75.38	18.7000	737.3	71.544	2.5222	Viet Nam
3327	1.9200	11.84	5.36	1.5556	666.2	5.556	0.0000	Democratic Republic of the Congo
6481	5.8111	14.49	33.18	5.0000	557.1	4.122	0.0000	Zimbabwe
62318	8.2857	14.57	972.24	13.8875	11589.6	3.740	1.5200	Germany,East
19810	5.7222	39.59	417.45	21.3778	7516.2	2.200	0.0000	Taiwan
7930	3.6222	24.02	41.91	5.3000	1209.4	13.089	0.0000	Burma