-0.7013662321024242, 0.5195467230821772, 0.48801292093654636
0.3660873469977855, -0.009979242739271909, -0.930526984607364
0.3602740807348074, 0.5930503383188213, 0.7200651935558481
0.1490478410897929, -0.21587618722380028, -0.964977830240771
0.8210610736651338, 0.5708376252525821, 0.0017660429921958843
0.4324186201685276, 0.19923022997050988, -0.8793869753398924
-0.2138694092624454, -0.6342675745792526, 0.7429431469628647
0.2258560170555011, 0.6149734789993431, -0.7555108733084323
-0.6226322903571432, -0.702838008895577, -0.34401709878481157
0.7550351967734372, 0.24293722735756462, -0.6090183537440526
0.32972761577232806, 0.7815516027090049, 0.5295817139026626
-0.7891855162872784, -0.502455116462991, -0.3531643764913785
-0.52066045251002, -0.8197675570965405, -0.23852430803595503
0.8690498124388314, -0.4283097700687423, 0.24759475835262187
-0.7055562032153884, -0.48007296571235175, -0.5212680612664012
0.9240974206994415, -0.3799239275763395, -0.041252470369763254
-0.030021161755897138, -0.9251799766989465, 0.3783394515011131
-0.44221215963981075, -0.7572785725793552, -0.48060125819526234
-0.028148714064615794, -0.40834477227916, 0.9123936633103001
-0.24399555426019348, 0.5589040236547393, -0.7925228462598435
0.6856989585993352, 0.23726986922555096, 0.6881278568213012
-0.8921967072101289, -0.4494859852472773, -0.044129182064570296
-0.5768479015957773, 0.6726034138095459, -0.4635203837549038
0.4931915325395851, -0.5544987279408597, 0.6702934230195188
0.6062828902904155, -0.430756820821746, -0.6684830725281249
0.7348723714833693, -0.5065286467953178, 0.4509892765976959
0.5965264343625106, -0.28720350465493466, -0.749446702588431
-0.19152868155357033, 0.48356229032251663, 0.8540985162850905
-0.09313465899527068, -0.9927417478816472, 0.07609045476751139
0.874506330897311, -0.18855646739664692, 0.44686142798793915
-0.2041967511079559, 0.08353849892527238, 0.9753589113932716
0.676155279213265, -0.15676444056397607, -0.7198881500390845
-0.8854826797619141, 0.21166979967237534, 0.4136620840109909
0.570788660704544, 0.37139302552635506, 0.732302891842913
0.6721248234605147, -0.5723392369917446, -0.46976166242881023
0.16958214361772095, -0.9330822674102982, 0.3171740512880506
0.04626502426857804, -0.5571077418238148, -0.8291504758060491
0.6182995516184524, -0.7711017472449959, 0.15201236747098926
0.5690527837545355, -0.6939423814973491, -0.4411608555425124
0.4373501266388976, 0.6912690973070469, 0.5752146571822042
0.42833552119359225, 0.4628942860814952, 0.7760525505382458
0.8486063209171868, -0.1586112148119615, -0.5046878189884022
0.4533949869601994, 0.6746077821286933, 0.5825266741452843
-0.1961225121983572, -0.511064131853373, -0.8368688148939256
-0.7705945668862496, -0.3919843212235949, -0.5025259251026467
0.054520590688939094, -0.6633842960151196, 0.7462900113169498
-0.6365843201942927, 0.5974327563505129, 0.4876827912918386
0.3837005414499895, -0.7786735033326085, 0.49642871562663127
-0.23552220752058006, -0.03798522484213161, -0.9711263627655906
-0.5983155122740582, -0.7074960868706994, 0.3761221009657358
-0.6005714314764673, -0.42822749193318727, -0.6752297170940562
-0.616782696513851, -0.23505407890201116, -0.7512181342810023
-0.42324514611678365, -0.6076003962999341, -0.6720753712975542
0.7217568018129005, -0.658520140731244, 0.21311579783797358
0.17183171952154927, 0.9325947749922457, 0.31739698458465226
0.46791263040635994, -0.27652854709199526, 0.8393984351601993
0.21681379709613158, 0.9379709421705967, 0.2705592153898303
-0.7434124715861276, 0.2924921665783182, -0.6014866827956595
0.741448943573232, 0.4699860036581917, 0.47892235324689164
-0.7503017690859458, -0.07782493311397012, 0.6564986938999239
0.7191809140548022, 0.07315348886913194, -0.6909612000145688
0.5321415756617704, -0.6386677452767905, 0.5558136869448873
-0.18146004489622694, -0.4950011601447603, -0.8497329601478343
-0.5238274631183502, 0.13541591037105027, 0.8409918668461503
-0.762628813681475, -0.5842191812153984, 0.277642289363122
-0.6751255028240631, 0.1129562324518103, -0.7290037345493153
-0.666802712295538, 0.7389838521491223, 0.0963172317820547
0.11461116100374868, -0.711260727704527, -0.693521779757925
0.4371121144104411, 0.47200955719015664, 0.7655977908515579
-0.42649175243458387, 0.45131643151590123, 0.7838483678295378
-0.5630701059930099, -0.6082428786108571, 0.5594574660831677
-0.7689577045595715, -0.39115151981239743, 0.5056723614623664
-0.19862685074724182, 0.325941084062521, -0.9242887989597091
-0.6745097504239658, -0.6576952241851738, 0.33537082262327716
-0.3712673594640531, -0.19430641054307374, -0.9079678224576331
-0.8288169330382297, -0.3079383539462397, -0.4671578552031241
0.8507458466616135, 0.14660403668909017, 0.5047165152979228
-0.8078941298012496, -0.5641888443586213, -0.17028805869456906
-0.4457663373913385, 0.8492188397431338, -0.28305429633559187
-0.6680592959745517, 0.5522600406277409, 0.49870394482882563
-0.6667470039251132, 0.355743898531451, 0.6549005355124776
-0.6397349389270366, -0.7656248122120641, 0.06751188666644056
-0.21552513712694302, 0.9736174670422887, -0.07495293947918566
0.6754090344422086, 0.5987554695782139, -0.43048173462298756
0.7282477755141757, -0.5394723557093181, 0.4226402191984261
0.669939478554836, 0.04407012212742474, 0.7411065506452821
-0.4502722298172796, 0.4854174547843894, -0.7494163153054652
0.9097555336012053, 0.4003229143261325, 0.10993831610234152
-0.6045251820102929, -0.638582748968153, -0.4761946839641314
0.6700690949846844, -0.7365162366107004, -0.09247292119975793
0.7125390649626373, 0.40524769740407784, -0.5727673041042615
0.13854819022935175, 0.9362408670910682, -0.32288920355554773
-0.6898013859518696, 0.6824086078572364, 0.24185231001838353
0.8462457371740936, 0.322197078337685, -0.4243314683420671
-0.41626768951344106, -0.5232698510407552, -0.743579097110003
0.6218276124005245, 0.7201446131980421, -0.3077696485004744
0.8611628903278905, -0.35977086931318725, -0.3591147419916746
0.7962816019364648, -0.5420295090046793, -0.2685882011288729
-0.4466852221984333, -0.7994969117076505, -0.4015930781767357
0.43643925888689333, 0.8638834691576086, 0.2514480563028366
-0.36383959179720504, 0.19766039777727873, -0.9102478336098204
0.7203879243448273, 0.12285808194796442, 0.6826032011045791
0.23705341114049533, -0.9714920817846074, 0.0029690564940714165
0.7060469949649362, -0.704350751621126, 0.07340067841470094
-0.5508548750426208, 0.8345828739251135, -0.005507557777881813
0.639153078283048, 0.23780589800191573, 0.7313902497277404
-0.004261839839952666, 0.9754274555804767, -0.22027963051761226
-0.38861606671516363, 0.5393233872176915, -0.7470661528210681
-0.16261227840234174, -0.8943361778541582, -0.4167973703060214
0.83703937776304, 0.521587424434351, -0.16526233311315267
-0.7579849641969945, 0.27199300450435915, -0.5928563059898853
-0.6877954023342912, 0.7057518798187936, 0.1698580838819561
0.012404207710661037, 0.8878263505679094, -0.46001142036729736
0.5550799720951858, 0.43907023730850775, 0.7064726118461059
0.5793615049609921, -0.41256244766681843, 0.7029455692615879
0.5708933169712761, -0.7554955420446179, -0.32141454010085363
0.7493983568688635, -0.6594302593075642, 0.059614057333872185
-0.6947104137155301, 0.5514478813114221, -0.46182537313614624
0.51418660051552, -0.8017285375344289, -0.304702300538081
0.10994336562267198, -0.957280466939275, 0.26744450634119
0.41810815578800137, -0.5538053529194866, -0.7200591650283186
0.2692533569175263, -0.8117083016943453, 0.5182974655052107
0.6526650446130574, 0.7127315005084511, -0.25698666837641115
0.6708995170020832, 0.6692137669764865, -0.3194476047421744
-0.5699150350535093, -0.6546137833936656, 0.49666653542491507
-0.4686625811902734, 0.8795231339035491, 0.08242840481623977
0.6031986726185996, 0.7764272197014852, 0.18251611944642318
0.4728277976291884, -0.8496320990356476, -0.23357904460248763
-0.991959753578919, 0.09699308160014612, 0.08129077070220082
0.8844943732114912, 0.45966460162841016, 0.07986336936923226
-0.981208457667548, -0.03058729715441462, 0.19051083920464731
-0.526613920289013, 0.30874001036955717, -0.7920589529541616
0.6125456484424349, 0.6293238077446561, -0.4782670525762822
-0.8186427766564647, -0.0006933289060478455, 0.5743026410554122
0.9468972563313199, 0.32135624273789426, 0.010758773424619998
-0.3462572797612462, -0.7305742896814783, 0.5885296113780051
-0.5361650961248575, 0.03289061065654915, 0.8434721082691837
0.21787880654860114, 0.4778466729010493, 0.8509943494843869
0.28596055891207334, -0.04173204840847918, -0.9573322280600017
-0.8151529086594566, 0.2593919573085648, 0.5179204070005926
0.9114538410828027, -0.12958041242624152, -0.3904623058514743
-0.1927151839844912, -0.9761871953516221, 0.09959627248726596
0.08682230372279963, 0.6915987297160081, -0.7170446880296023
0.5250298051713378, -0.3421752553427792, 0.7792687587173315
-0.8653482640906376, 0.42505501442826077, 0.26551952196535633
-0.9498388207256704, 0.13433699075210825, 0.2824177536171118
-0.30547588918065577, 0.09402310267198126, 0.9475463773838312
0.39727318271113427, -0.7710690435717757, -0.4976208881707767
-0.881601211769101, 0.04299906466301789, -0.4700323221283386
-0.39783260564646583, 0.4896294195249771, -0.7758815949745023
-0.4618783541623528, 0.677462205080105, 0.5724625285940365
0.951585830475616, -0.20506941269156462, -0.22897804090429477
0.2653273648360513, 0.522216860378574, 0.8104880876394804
0.677668309839105, -0.49868677477787343, 0.5404416365357628
-0.6126383903445914, -0.12609713730607666, -0.7802395238894275
0.988855481211059, 0.038454528780911865, -0.14382658479948332
0.7298520728903443, -0.6608040915719855, 0.1750825641215897
0.758360558006315, -0.11747818175690475, 0.6411615559837024
0.4540217351939388, -0.10509827210449169, 0.8847703753924716
0.3035792408592343, -0.6266065594005545, 0.7177770296098436
-0.48650443087581935, -0.32355442261025197, -0.8115577455409699
0.6267472014426491, 0.6508712511053734, 0.42843267845524297
0.5114602893102655, 0.41575717082274594, -0.7520334748986416
-0.7916771645122106, 0.13682975083807922, -0.5954199244864881
0.6348340785027279, 0.7270063792474013, 0.2616245732059128
0.7312030088469857, 0.6030482189882209, 0.3188651837818759
0.3859604037499644, 0.9191449249353747, -0.07878561862871379
0.6922675108810031, -0.6908486764395061, 0.20855167139201508
-0.7848875673900555, -0.4287924943062107, -0.447312534346154
-0.1845086187465631, -0.4683346725695417, 0.8640712957143153
-0.3143576176649632, -0.42017062026567636, 0.8512555069317116
-0.32573972554638353, -0.6252726101606497, 0.709174022496492
0.7473069097405581, 0.3802969575381127, -0.5448913715056171
-0.42833829062960443, -0.3978247569628434, 0.811333329481763
0.13884465415865943, 0.7193139879812029, 0.6806684572581132
-0.2634790524293335, -0.6402312483960555, 0.7215834930956839
-0.9838592801455355, 0.1230921373781276, -0.12988164838495458
0.4222334561747608, -0.43856370776407194, 0.7933352272015571
0.7058719125486157, -0.4071456819817183, -0.5796354343193668
-0.5791958466992848, -0.5818970848789232, 0.5709010017294679
-0.32118953420716556, -0.6794195969461132, -0.6597168289511531
0.7558522416059229, -0.29478235529628316, 0.5846287299348857
0.2129677539749656, 0.26265561313425084, -0.9410933878504987
-0.5644236998359377, 0.7042316798882545, 0.43067810265356926
0.6478115934050269, -0.04280791633260003, 0.760596885182487
-0.4781405236696707, 0.8593974945449527, -0.18115624746265543
0.5782139431572574, 0.7789337755477135, -0.2427566873425328
-0.19353699806350583, -0.5115074242767998, 0.8371998478799911
0.17319618209190762, -0.14864915879953802, -0.9736049045156749
0.4282682986324392, -0.5463867423964881, 0.7197553696359824
-0.35110659639953334, -0.5775923946737603, -0.7369607747904676
0.4157193172496053, -0.18238985811134126, -0.8910170531048475
0.31567400591962547, -0.8311755351335751, 0.45770858827650496
-0.027334018165202787, -0.7129398885013468, -0.7006922054901363
0.0076873673476637394, 0.5143016856786411, 0.8575748833142038
0.14549366616575807, -0.16565138499173243, -0.9753928499614746
-0.6425317084046471, -0.5353871495167398, 0.5481912110084818
0.8451523387089894, 0.3260740784654146, 0.42354836763663245
-0.4511663396609173, 0.30887574323712963, -0.8372841269226837
-0.03221354400428803, 0.9572073869461561, 0.28760442618011894
-0.951076417083925, 0.21013295406401686, 0.22649015537796324
-0.3438177732604091, -0.31489107564739743, 0.8846654448252622
-0.558962466115396, -0.6150854898117831, 0.5560852467897288
0.6361561301302557, -0.653742334566551, -0.4097881624610123
-0.6770306532126764, -0.6763446825262727, 0.2901505902610778
-0.061537618710600865, -0.9747131373735206, 0.21481950869252314
-0.8608546881784935, 0.507692342165982, 0.03431751079446272
-0.1639133613806442, -0.5018726367469856, -0.8492680769024152
-0.5666498946070809, -0.7374686629653506, 0.3674885958582693
0.7709068369892168, -0.629320612863561, -0.09827621740946806
0.2480826632477044, -0.6996008346276268, 0.6700848187985265
-0.6504528672692208, 0.7568840155139558, 0.06354254103134012
-0.811011832915414, 0.2697713555417283, 0.5191177348158689
-0.011481183274214655, -0.7857424588097659, -0.6184472256015117
-0.6392695835250719, 0.5752127104429754, -0.5103574603398354
-0.3226188862028086, 0.8835764855075984, -0.3394254682891374
0.5477427710555649, -0.25529868689486607, 0.796743645864922
-0.18624438023091838, 0.6602986013237748, 0.7275429801202593
0.6069754370959707, 0.7943900037562708, -0.022920311827446065
0.3204949310484597, 0.7670294772403531, 0.5558316113866085
-0.5859179086267308, -0.5940841289780893, -0.551148121693999
0.32698085062104226, 0.41986615845737124, 0.8466380172832952
0.8278431127117296, 0.0701224274856261, -0.5565596337314428
0.5155366865881991, -0.6755061298948865, 0.5271749171348101
0.452263318472594, -0.8184663468722533, -0.3543596052059904
0.6387670050950783, 0.05446017055474455, -0.7674703922790849
-0.6243789781000503, 0.11081045256331847, 0.773221789210217
0.09482855587224631, -0.9951546083030828, 0.025977886063382957
-0.25762364498376783, -0.428188504349555, 0.866189738041365
-0.738036985327784, -0.015262485446297156, -0.6745876257583429
0.549161644542748, 0.5896158642135668, -0.5922622905696371
0.51579439536896, -0.5066025244417208, 0.6908762725229783
-0.7498035232029173, 0.11900135944636482, -0.6508712261595296
0.3263067104551751, 0.030755112390644396, -0.9447634909191618
0.6113458991409159, -0.4464911652084467, -0.6533772501353171
0.19905291046837617, 0.9789294197747569, 0.04555359407913236
-0.009292262468556248, 0.6752964131859629, 0.7374879037627591
-0.7703625696844059, 0.1478579155878247, 0.6202254009852085
-0.8727776313544466, -0.4042448996397031, 0.2735786309685169
0.13633693096861113, 0.5670070528167421, -0.8123516746521376
-0.5823241903748332, -0.5349239675090524, -0.612172268474054
-0.4955350228170423, -0.5667465290815553, 0.6582122856159123
-0.7744119423558639, -0.5108526309737256, -0.37325022835068794
0.5184855657981435, 0.30093090754998025, 0.8003832250491787
-0.8511404446368308, 0.4378416338126934, -0.28957666895599393
0.058685706302562854, 0.9629650657425652, -0.2631620604023044
-0.3044026623787354, 0.8726599703280244, -0.38184236973367613
-0.5185526061459357, -0.16944578929941673, 0.8380878946434889
-0.47271555736095106, 0.18999863803606845, 0.8604885352945528
0.14230305804463692, -0.8752154694852772, -0.4623285862293293
0.30854892316240057, -0.938754964644534, -0.1534166821781868
0.7242897925947316, 0.6850607985273203, -0.07807687662932736
-0.49522199524290816, -0.8282756769470835, -0.2621346570094919
0.9409163126745334, -0.3136566917627495, 0.12765567850827314
0.5827060278566522, -0.6047971008935122, 0.5428389741445666
0.7560728275438852, -0.4001603440607463, 0.5179049898301616