0.5983971857656445, -0.5557516517991967, 0.2763867828637502
0.37652591608479413, -0.30598621478196514, 0.20940924840746825
-0.22320341573648814, 0.3523096183458629, 0.09973388621013145
-0.5759241566000299, -0.2144676810227587, 0.28757633620600337
-0.31718379519456213, -0.31676985742515246, 0.16319782072599312
-0.4169144536432377, -0.9065565261475437, 0.03602750646482789
-0.7135544731140282, -0.16464968978799688, -0.2982556550849033
0.16101549059995957, 0.37102323472279775, 0.051511474765499506
0.3788598694185476, 0.43960336077414747, -0.2750994566977113
-0.6175693427498943, -0.6334726953652997, 0.23640842987514432
0.1768735159321695, -0.5729132471791021, 0.282699097886175
-0.5699226186974213, 0.80602314796317, 0.08682778567618449
-0.46591150393818764, 0.8826122907426558, 0.03426232977657131
-0.02504553760557235, 0.6983324415481234, 0.299997525108775
0.07290332690872024, 0.6369829280582344, -0.2941694265553074
0.2770619421608777, 0.3708985389495292, 0.18387644102463593
0.8443946809074122, 0.34967659283411173, 0.21031421810950943
-0.11054619517690002, 0.6513576905230744, 0.2974109902924412
-0.7829444588883259, -0.5942410692959973, 0.09979158808741594
0.49150514880258783, -0.1956555111376815, 0.24650480947420977
0.0883194551220754, -0.955179363699087, 0.15095510198152864
0.8584887519434391, 0.46161647730052624, 0.12052003881178075
-0.3904177944542988, 0.7400084832855505, 0.26705379648601635
0.4021466359746182, 0.373381601397327, -0.25908679273491425
-0.8353124680227381, 0.41612214364007694, 0.18869866118659073
-0.3774570788290613, -0.46276603334007516, -0.28183052148009
-0.3809222541296983, -0.15061892843960267, 0.07535878067527589
0.5814653209989917, 0.36713271164409006, 0.2997464611142132
0.3260336488181082, -0.6724150789348815, 0.29624956640468136
-0.4089226984164142, -0.01877197605796072, -0.07432712453836987
-0.6628018375752142, -0.031978150801660714, -0.29778022103571283
-0.4355857340824368, 0.008670642912924695, -0.14188277087795986
0.7569160126414448, -0.6465694215589761, -0.051899111026199624
0.3434092333451074, 0.2875141022310415, -0.16258612518390725
0.4243193175122056, 0.624063557671378, 0.2949796146419422
-0.6334510554817855, 0.2675067429940204, 0.2997444154367764
-0.4280200941641295, 0.2811683545118158, 0.2338747924046125
0.37280260508078583, 0.19807139054387995, 0.11314432692261839
-0.4051800652032327, 0.5166840039736295, 0.2968452123837708
-0.3903214450524868, -0.10228489622908235, 0.045698178295421645
0.027211776187469634, -0.5657059497827697, 0.26858958068921607
0.30981408830836715, -0.39097020649266373, -0.22256484110462563
0.5704257658204038, 0.2900752914384621, -0.2939274772393731
0.8746592690524264, -0.39909626363302486, 0.1471920447894822
-0.6805636197661629, 0.031785750423880786, -0.29941695910459976
-0.9995346318341213, 0.029755256059881198, 0.003680080657938798
-0.39544583110784043, -0.2768539844626785, 0.20686353804817012
-0.7739935289158419, -0.2781581847711392, -0.27386843483480827
-0.2707037288122656, -0.4948063148675177, -0.26741034275718073
-0.38428693475657033, 0.11504127917547152, -0.026094932527808264
0.9771308363852784, -0.026421229049442652, 0.11401938637209347
0.5529735815705883, -0.581425643621208, 0.28198500232318946
-0.9745804190669464, 0.2111480428866068, -0.04095523252082953
-0.5615283473194995, -0.3571072315822741, -0.2980052446556033
-0.9716005260507178, 0.02522085391375268, 0.12670937026874265
0.214566909967753, -0.3658843541692502, -0.11794656829463177
0.7092940740246972, -0.30817025532388564, 0.29089531470359425
-0.5043185132308433, -0.3262162701773122, -0.2830640255586938
-0.3993056518878763, 0.5580367123077565, -0.29968174489771665
-0.19121622151703832, -0.3540447611699166, 0.03773025575468456
0.4153826733660148, 0.030545502848393018, 0.09813338699865079
0.02680321280005651, 0.5520519431667557, -0.26134913108425856
-0.056738165574606855, -0.5072574480186589, -0.2325074331577261
-0.9324744829215196, 0.36105021242441643, 0.006342057723063297
-0.08764034419257559, 0.41948992955149417, 0.12772365463736726
-0.8533379190368248, 0.48314661292031597, 0.10607650109965838
-0.6245868595008097, 0.7807979188293811, 0.008587717229624056
0.08372006467286645, 0.46202159626100275, -0.19206961552174026
0.9190438470972953, 0.3890230137647712, -0.03468454261468737
-0.8611788067916397, -0.5068553292905091, 0.020981982387424707
-0.4513402187596159, -0.33055139715826115, 0.2650333218454561
-0.5393378317845613, 0.2929727938246389, -0.2873413532227181
0.6126261482846556, -0.4686787796412757, 0.2913934168929988
0.7777404656676559, -0.6285436037162981, 0.0039763552358172555
-0.45387912012722453, -0.01142236407259085, 0.17174175273442546
0.32624056165224213, 0.8826968192243633, 0.17858319583314478
-0.14215128855697665, -0.9575688617528144, 0.13469397036707045
-0.20542097471887197, 0.5264796862315306, 0.267977026622268
-0.39361698268184553, 0.6787317596068674, 0.287821704437388
-0.48107451129127016, 0.6985266649384573, 0.26086236434882815
-0.1744369599330007, -0.8260582984644204, -0.2630297984020439
-0.07333247376313175, -0.41552012433764735, 0.11262090370798239
0.0216353976555196, -0.4086437774856288, -0.07378842173676733
0.08083682665456518, -0.39493105964547603, 0.043148855577400724
-0.575563829567681, -0.24549325844320213, -0.2906617951050882
-0.5121648100772906, -0.10166790623582268, 0.2416035677703634
-0.3828430342607873, -0.6735230045446893, 0.2905440855225169
-0.03279828640843287, 0.8340732119357993, 0.2680505682310107
0.5400836599715156, -0.24672913949219893, -0.2805631671192387
-0.28172947619118166, -0.29181871782463686, -0.057809370247999835
0.959689512671951, -0.008081235284743572, 0.15014554415579043
-0.45455699844062036, 0.3110528676510277, -0.26026542203939096
0.8459221152298788, -0.08102842541737926, -0.2599264504086333
-0.1529818081759904, 0.7279847694217136, -0.29677278387153694
-0.25080212423080966, -0.9573315642709409, 0.07816154114971832
0.15315309581040445, 0.5483972109137402, 0.2700718897174439
-0.21710328677650495, 0.9700263880554839, 0.05957765980197757
0.8104892321644741, -0.3453744797571003, -0.2392401535906193
-0.7452328593395432, 0.5886982959306183, 0.1662766056380097
0.5852908716624404, -0.5811553752158012, -0.2728060742345766
-0.7049177858383419, -0.5441682995848849, -0.23173611342200687
-0.8739793952671571, -0.4151858005943199, 0.135641743425102
-0.3727769507160658, -0.5959610831318115, 0.29998554045798603
-0.8014041358605375, -0.44910708746769573, 0.20539115528152777
0.04351937515055091, -0.9141040891964413, 0.20908135964016317
-0.7755824264243124, 0.10386837998257559, 0.288431350460723
0.1670726856304025, -0.37172560729815, -0.06686011973609433
-0.37813270463147747, 0.16320562595982793, -0.08348397936821074
0.37346987906713824, -0.6157998787459777, -0.2993191044811475
0.057997696767753064, 0.6804027962090198, 0.2995105501442535
0.10763292682040114, -0.9800271834220557, 0.09082834454935924
-0.4561458748885583, -0.10352593155436227, -0.1898901177801348
0.679669613982979, 0.3899710571295576, -0.288116504318877
0.11250776048572025, 0.978687523272813, 0.09326898629373322
0.9180969157372155, 0.10186872763674243, 0.19986091510463458
-0.1978199697448777, 0.45001930208401764, 0.2157794506360696
-0.3841350531791488, 0.6476045623110883, -0.29528808348129554
-0.8015899741106886, -0.4215477886009868, 0.21839730144145503
0.6757647831695769, -0.2306783199620289, -0.2996707125620423
-0.3702611994865968, 0.39171539941828404, -0.2531461544490233
-0.10474418846545126, -0.7166722209377518, -0.29901535620567343
0.5253734015070423, -0.4594085320212323, -0.29999269497849157
0.35563401418640544, -0.9156647433906254, -0.10151604540348551
0.10524161535287113, 0.4262461734861533, -0.14799707244134905
0.4081212872171271, -0.7596943091608286, -0.25225561044904293
0.8217867305674059, 0.3753090916573953, 0.2204885570984806
-0.21556275011686207, 0.3490545708508754, -0.07775523753049432
0.030092803972811628, 0.9477994755496228, -0.16839979500475455
0.2959100758361055, 0.5486001674369324, -0.29003417063804016
-0.3923204645752339, 0.3369935663043569, 0.23786249164990553
-0.06920575249136762, -0.9748764638565678, -0.11440357042805528
-0.6324485179579393, 0.7505785716876161, -0.10369596968035791
0.569061444019445, 0.06844742020898147, -0.27186836710205486
0.5792033254049332, 0.4629760121965119, -0.297115621183455
0.09831948879271492, 0.6770738689382969, 0.2995823370405963
-0.1761350958113246, -0.45160642147356617, 0.20895625589144098
0.12829412224588996, -0.5211817552060872, 0.25168664078446573
-0.10375160611020194, 0.428745078498691, -0.15159510991881514
0.6864734726607518, -0.21209384773000864, -0.2994295825293694
0.16161525915148814, 0.9479996664260519, -0.14671431862419748
-0.2877486135761454, 0.8578761642629802, 0.2191736728444514
0.5757987810252969, -0.5827017887075427, -0.27530310708442046
0.37208061881604465, 0.8465210422331173, 0.19878825217283566
-0.6818639955400438, 0.7280775874587538, 0.03853610775718969
-0.9281341890846846, -0.19960733558924823, 0.16679855178039704
0.4652478154155856, 0.7750776596980528, 0.21997137448417642
-0.3788709693559281, 0.7070587975574727, 0.2820664169826979
-0.6536407838878584, -0.6665352353042899, -0.18829345335915965
-0.9070720979296307, 0.1314880638272795, 0.20761723515707486
-0.84494965407495, 0.5096503901788281, -0.08815979144030196
0.9161523971160596, 0.40074723844557775, 0.004464310538997838
-0.35016157259123987, 0.800263138606943, 0.24472719518306763
0.3677010902640469, -0.24439113039684734, 0.15225945340545202
-0.7302190177318421, -0.15065685399261636, 0.29651436034845013
0.7725673099344489, 0.3497833923445562, -0.2609170921755753
-0.730776887791273, 0.436192887569714, -0.2591941192916748
-0.5867111246830021, 0.04250187109764882, 0.2784090744198728
-0.45112771311904193, 0.1962583645689739, -0.2161553361823061
-0.193793023348503, 0.8347544000717461, 0.2556664875004149
-0.6776887647928537, 0.7263458444705863, -0.06258904654102418
0.7589625278500531, -0.4325378051944859, -0.24469518732449796
0.2807971779525618, 0.2848758575067396, 0.0009909578974266107
0.36783245189624975, 0.21350032781333944, -0.1205896174526733
-0.6764226695365386, -0.696422474313768, -0.1289948550898948
-0.6876708213021057, 0.07960905998392012, 0.29990022782790193
-0.740295490044739, 0.002488470377751944, -0.2972809048668827
0.5037302870317883, 0.1445704733582295, 0.24299611240455554
-0.44181697648633134, -0.24725011358404872, 0.22908177987766398
0.6859637024772847, -0.051445291160816115, -0.2997554850873093
0.639536711204907, -0.001164751534971619, -0.2938440385090916
0.014627759408363332, 0.6121155181063817, -0.28689197244404596
-0.6705383918735887, 0.7268227015942474, 0.08090502400479345
-0.6217794153983868, -0.43718021796729484, -0.2939204674869154
0.625815507293627, -0.7599167342073735, -0.09536735699097602
-0.33930879265380287, -0.2764467891447517, -0.14554011556415186
-0.2260180696160854, -0.3396254917137636, 0.06863969482687252
-0.23206051082073345, 0.32729860485099316, -0.027013771452427157
-0.1694896605288757, -0.39815672057189866, 0.1362604548412504
0.20051986849765208, 0.9773149143088242, 0.03728825235148675
0.5235072393311615, -0.09462741864228802, 0.2485415422033743
0.48602025411718147, -0.4978112361047713, -0.29996952308412805
-0.4028635287300182, -0.01863441055828988, 0.04433629113938935
-0.3395111112108866, 0.43515750383004886, 0.26091399518758623
-0.21767639260219854, 0.33793132628491523, 0.03433143166966339
-0.6452672286886111, 0.10055483655856157, 0.29630420875034524
0.40519617987248296, 0.08344967970284073, 0.08962355403068076
-0.969748349245661, -0.22181505235594598, -0.05564970753716993
-0.45998876123511406, -0.42341956412528536, 0.2905250594649977
0.03640487474700791, -0.465852499499609, -0.18930939932975446
0.5860914058198285, 0.8056402101134541, -0.04714329012088291
0.43822235894274797, -0.07159031404966819, 0.15646132982986938
-0.5426834846301669, 0.8274908084557416, -0.07842137604969997
0.19502447015232044, -0.44285840690144995, 0.2080872410464527
-0.2972757596238395, 0.9473246714096774, 0.06500285837650138
0.38095066020258084, -0.20775810715514453, 0.13856983540833154
-0.18602805464779779, -0.6577143616976653, 0.29954680722106286
0.34176081493300947, -0.7315284853305691, -0.2801070675880867
0.17421880581840163, 0.3893234855430916, 0.12333822426960865
0.3248840436014159, 0.47402445334281323, -0.27256759217924104
0.46784411450474933, 0.15861243151446947, 0.21809174189907435
-0.4760600296720342, -0.5296525682574729, -0.2997536516755609
0.5965678261895496, -0.16075733612334656, 0.28853256503449043
0.1869684904913011, -0.35407922793079316, 0.015706394583357614
0.4385211581571945, -0.8399665528557876, -0.16947172614997266
0.331140931245623, 0.36011550131486364, -0.21347679978557302
-0.5331146627102475, 0.065578848392193, -0.2519411260421823
0.6002006138338196, -0.7958026770700632, 0.04393035470473729
0.05500368518927527, -0.6271486474190167, -0.29161215881281355
-0.4137919954501232, -0.5463805302690067, -0.299643894704199
0.6963819089220654, 0.695745081262466, -0.09553309408071685
-0.022396399142864475, 0.7651700556963672, -0.29276277785418414
0.7287244710046525, 0.2999305444449257, -0.28679261420687613
0.7452039954188774, -0.13620428250639222, -0.2944284360277184
0.38158073942928755, -0.12040272048311179, -0.008687873530928142
-0.6198302965085793, 0.1075797445504962, 0.29150087540923647
0.15714099584754496, 0.9828366130397486, -0.05278575118640183
-0.8802838119015008, -0.051083752567405875, 0.2386662151897594
0.7032280080094649, 0.3588772463577184, 0.2863360965857854
0.32657360518165623, 0.263389826023238, -0.10653331247140987
-0.6105642967343117, -0.7896102020003456, 0.03340142501950027
0.028612903307726274, -0.4586631972557129, 0.1794048838884282
0.3535561251721171, 0.19787647006445155, -0.05541773057609119
0.3692223230554772, 0.9090213018100263, 0.1046789286696735
-0.3890543718802922, -0.16953909448998322, -0.11848665248483174
0.0331027954532607, 0.4727200575380364, -0.19715144611721946
-0.04460406696670016, 0.48549613375977657, -0.21180435000116393
0.48590658686000204, 0.08746136893459125, -0.2178223651300243
-0.3400844220799623, 0.21067008970633352, 0.005428757304949056
0.19051407839469625, 0.7356555051913415, -0.2939542521340476
0.27178663254665747, -0.7096500401548649, -0.29395606049690964
0.019504515445115667, 0.4340179922020473, 0.13959369978656272
-0.9771173880259266, -0.0947416848817959, -0.10317585595834133
-0.263080178218425, -0.3049205192651514, -0.04034574697559115
0.45632861515609247, 0.18988207052925357, 0.21833516452846055
0.6854683689048024, 0.07818099723166655, -0.29983035339161657
-0.6696817945339583, 0.6307972902330962, 0.20397313309639103
0.1607220446358606, -0.6164471687022204, -0.29332215885609614
-0.9110555725895757, 0.39374801884224603, -0.06665370170513144
0.4877459057847092, 0.7178696613784151, -0.24862215022485484
-0.39801740852439316, 0.915595827424721, -0.031273899217254916
0.3832758260365302, -0.24027800948054132, -0.16934222867935406
0.14190454450186815, -0.39920685142106055, -0.11681664145219184
0.7570659051737229, -0.1267824534163198, -0.29228258815370833
0.010200695906287697, 0.419860779505964, -0.10766345024285096
0.861322671035596, -0.2840080238026984, -0.21720149520067633
-0.4227917044715623, 0.7455799714332854, 0.2555691180085093
-0.53834529130299, -0.718367749492812, 0.22564161948859207
-0.058476033383589955, 0.439945894432862, 0.15610667273330636
-0.6442391875497882, -0.7270466076359473, 0.1278109171948532
-0.5431209801796912, 0.31676606175678873, -0.29141520663875126
0.05801798347202878, -0.6403125261219724, 0.2945227615519659
-0.7175432339994149, -0.6954509354972106, 0.02106009608372322
-0.39248195277282716, -0.07746981816014542, -0.005721605807885384
0.45690505520712105, 0.4098907787076216, -0.2873546292097579
-0.01380178377960239, -0.5114898325938023, -0.23352531848948582
0.4130938056750212, -0.027736334975354184, -0.09065139227490109