4 15
478.5681911 223.8223756 131.4009258 123.3448896 Canada90
463.4669666 214.1851456 133.1237381 116.1580829 Canada91
483.2735272 219.1561863 144.0634357 120.0539052 Canada92
482.8619798 221.7467001 148.7300829 112.3851969 Canada93
492.5005084 223.2227325 153.8625296 115.4152463 Canada94
504.9327437 228.069136 159.2861266 117.577481 Canada95
516.2089143 235.1902016 161.796658 119.2220547 Canada96
540.5158576 247.2904772 160.4100201 132.8153603 Canada97
544.3209518 248.8110786 157.0334426 138.4764305 Canada98
558.4421373 251.1368932 172.1986744 135.1065697 Canada99
568.2253651 254.7518962 165.4568911 148.0165779 Canada00
555.1505446 258.6310767 172.2300472 124.2894207 Canada01
563.2422453 263.0940793 175.0880226 125.0601434 Canada02
593.0950719 278.6503942 186.380945 128.0637327 Canada03
587.9820512 289.5078638 186.1720209 112.3021665 Canada04