4 15
100.2801341 54.7474868 43.50864404 2.024003241 Argentina90
108.5387561 58.37380533 47.60268438 2.562266436 Argentina91
110.7898197 60.44203063 47.41947866 2.928310418 Argentina92
118.9044632 66.24385159 50.13769709 2.522914518 Argentina93
115.6575894 60.25108242 51.33280907 4.073697885 Argentina94
118.8792903 58.75450849 56.5796982 3.545083636 Argentina95
129.1807155 63.70391076 62.02551257 3.451292198 Argentina96
129.0485061 66.6576909 59.12727578 3.263539402 Argentina97
135.0005487 69.79300215 61.71153437 3.496012218 Argentina98
139.1167064 72.02415549 64.67979101 2.412759847 Argentina99
136.8601153 69.08822458 65.82701619 1.944874552 Argentina00
127.3602539 63.65760463 61.98639379 1.716255452 Argentina01
119.4692181 57.4484029 60.5171554 1.503659791 Argentina02
133.260326 62.16699888 69.36824764 1.725079494 Argentina03
142.2517563 64.931065 75.32102184 1.999669441 Argentina04