4 15
122.9643189 11.04493892 0 111.91938 NorthKorea90
119.7993867 11.45054008 0 108.3488466 NorthKorea91
104.4932336 11.00942018 0 93.48381343 NorthKorea92
96.72763516 10.85872882 0 85.86890635 NorthKorea93
89.6365319 10.50520039 0 79.13133152 NorthKorea94
82.26741672 9.525249039 0 72.74216768 NorthKorea95
70.90074885 7.213482794 0 63.68726606 NorthKorea96
65.69972164 6.150436404 0 59.54928524 NorthKorea97
59.19551728 5.4633836 0 53.73213368 NorthKorea98
65.10678302 4.71306409 0 60.39371893 NorthKorea99
68.72095244 4.053797402 0 64.66715504 NorthKorea00
70.4187577 3.638147004 0 66.7806107 NorthKorea01
67.27440715 3.998338381 0 63.27606877 NorthKorea02
68.44208399 3.996256709 0 64.44582728 NorthKorea03
69.35450804 4.07431696 0 65.28019108 NorthKorea04