4 15
108.276334 52.74563195 54.98233939 0.548362647 Venezuela90
110.0182204 52.98510282 57.03146291 0.00165463 Venezuela91
110.9271254 55.67958813 55.23655095 0.010986327 Venezuela92
112.8860717 54.68861208 58.103637 0.093822665 Venezuela93
118.5647947 56.87349064 61.50807034 0.183233671 Venezuela94
123.4715232 60.08865469 63.3655116 0.017356955 Venezuela95
132.4023868 58.37064909 73.52461175 0.50712599 Venezuela96
134.0440558 57.97015659 75.94314107 0.130758143 Venezuela97
141.3471712 58.74438257 78.92167224 3.681116369 Venezuela98
132.2957696 60.59067659 71.56575822 0.139334837 Venezuela99
133.4912727 63.2764183 69.71420306 0.500651369 Venezuela00
147.8711744 70.39949752 77.28463987 0.18703705 Venezuela01
145.7637349 73.62600059 72.06956447 0.068169791 Venezuela02
132.7662544 72.00863298 60.59781904 0.159802414 Venezuela03
142.680366 74.58680833 68.05750364 0.036053998 Venezuela04