4 15
150.8533889 94.46487516 40.80922855 15.57928521 Indonesia90
156.2028241 100.1514647 42.03984897 14.01151048 Indonesia91
171.8302681 104.7048178 50.85462077 16.2708295 Indonesia92
198.4378135 111.4837435 61.30662985 25.64744009 Indonesia93
208.331968 112.4793475 65.01380919 30.83881132 Indonesia94
213.0762542 116.0928585 70.54192752 26.44146809 Indonesia95
234.8880895 125.8250634 73.2441305 35.81889563 Indonesia96
244.7958312 139.1081503 74.05034207 31.63733883 Indonesia97
239.364082 135.0057019 66.03011446 38.32826562 Indonesia98
263.3882993 143.3281895 73.81880528 46.24130449 Indonesia99
275.1941404 152.5114115 70.75209214 51.93063683 Indonesia00
297.0386668 156.2159939 77.1325249 63.690148 Indonesia01
311.6200355 164.5825632 78.82623272 68.21123962 Indonesia02
315.0868293 165.3261652 78.27134101 71.4893231 Indonesia03
307.6821638 173.6204585 83.31099165 50.7507137 Indonesia04