4 313
262.7667114 95.38250096 34.85799059 132.5262199 AUS90
263.4723104 93.36012586 32.68014688 137.4320376 AUS91
276.237352 98.01707624 33.73826649 144.4820093 AUS92
281.0651078 101.2273867 35.09186584 144.7458552 AUS93
279.0009996 104.1042977 36.58140673 138.3152953 AUS94
284.8350815 105.002785 39.26470392 140.5675926 AUS95
297.5430653 105.4695138 39.62123855 152.4523129 AUS96
326.86827 107.0070946 39.86425812 179.9969173 AUS97
333.2648046 111.154269 41.70808728 180.4024483 AUS98
350.8170474 114.1509535 43.45502811 193.2110658 AUS99
353.2025758 113.9574418 45.42068307 193.8244509 AUS00
366.5098513 115.1666893 47.72197798 203.621184 AUS01
374.3533436 116.6764917 50.3877261 207.2891258 AUS02
371.702066 116.4360603 52.02929647 203.2367092 AUS03
386.1775027 117.073242 52.35787241 216.7463883 AUS04
478.5681911 223.8223756 131.4009258 123.3448896 CAN90
463.4669666 214.1851456 133.1237381 116.1580829 CAN91
483.2735272 219.1561863 144.0634357 120.0539052 CAN92
482.8619798 221.7467001 148.7300829 112.3851969 CAN93
492.5005084 223.2227325 153.8625296 115.4152463 CAN94
504.9327437 228.069136 159.2861266 117.577481 CAN95
516.2089143 235.1902016 161.796658 119.2220547 CAN96
540.5158576 247.2904772 160.4100201 132.8153603 CAN97
544.3209518 248.8110786 157.0334426 138.4764305 CAN98
558.4421373 251.1368932 172.1986744 135.1065697 CAN99
568.2253651 254.7518962 165.4568911 148.0165779 CAN00
555.1505446 258.6310767 172.2300472 124.2894207 CAN01
563.2422453 263.0940793 175.0880226 125.0601434 CAN02
593.0950719 278.6503942 186.380945 128.0637327 CAN03
587.9820512 289.5078638 186.1720209 112.3021665 CAN04
2241.169646 95.38250096 30.03937646 1886.006038 CHN90
2345.639397 93.36012586 31.06809206 1960.736339 CHN91
2421.744363 98.01707624 31.40071415 2022.668159 CHN92
2586.839302 101.2273867 32.8697419 2131.957792 CHN93
2796.069754 104.1042977 34.63100265 2322.126709 CHN94
2873.098039 105.002785 35.6725107 2366.94967 CHN95
2902.098392 105.4695138 39.62901842 2386.138458 CHN96
3036.295874 107.0070946 42.77672321 2459.867461 CHN97
2938.216455 111.154269 44.4567267 2362.883513 CHN98
2901.421427 114.1509535 47.9932911 2287.261193 CHN99
3030.884531 113.9574418 55.35454429 2339.10004 CHN00
3185.289096 115.1666893 59.76306408 2472.212676 CHN01
3305.857626 116.6764917 65.10311384 2555.099991 CHN02
3897.978287 116.4360603 70.14204113 3116.974643 CHN03
4707.281088 117.073242 82.84551044 3808.834264 CHN04
588.2418267 160.0559194 34.27509258 393.9108148 IND90
617.2814079 162.3102181 38.67333195 416.2978578 IND91
654.3708265 172.4897446 38.7162054 443.1648765 IND92
680.6998243 177.670552 37.31964869 465.7096235 IND93
729.2592255 192.2545285 40.07392442 496.9307725 IND94
867.0807463 214.537163 43.43555156 609.1080317 IND95
829.8729603 226.5765541 42.40138222 560.895024 IND96
873.4707969 238.4927808 43.53743571 591.4405804 IND97
901.3498721 254.8910765 48.80117179 597.6576238 IND98
934.8104065 265.3820033 48.28832577 621.1400775 IND99
1000.688415 278.7107959 50.76266149 671.2149572 IND00
1018.60822 278.9614175 51.0413248 688.605478 IND01
1024.353009 297.8513187 55.37141232 671.1302776 IND02
1041.946213 292.981242 58.68232815 690.2826423 IND03
1112.840071 305.9265229 65.54748496 741.3660628 IND04
2009.959427 630.7084648 896.3980223 482.8529403 RUS92
1864.489935 541.061831 876.4928933 446.9352108 RUS93
1689.478568 453.0166795 823.0768163 413.3850727 RUS94
1590.822764 423.766878 772.758506 394.2973799 RUS95
1569.917555 376.0468153 772.5704752 421.300264 RUS96
1457.292677 367.5664449 727.6292047 362.097027 RUS97
1463.140765 361.5292579 760.7206486 340.8908586 RUS98
1536.425407 360.8834604 758.9991284 416.5428184 RUS99
1556.266024 367.2880393 765.3113691 423.6666156 RUS00
1545.545849 357.9881091 780.6137709 406.9439691 RUS01
1547.302104 351.3031774 789.0300919 406.9688351 RUS02
1602.351005 364.3690069 828.2424964 409.739502 RUS03
1684.836903 376.3436827 867.837461 440.6557592 RUS04
5013.453573 2179.583166 1050.341115 1783.529293 US90
4965.427759 2125.287729 1072.855423 1767.284607 US91
5068.783153 2175.406441 1111.509299 1781.867413 US92
5169.217094 2178.620336 1142.346637 1848.25012 US93
5237.741944 2212.681151 1164.711152 1860.349642 US94
5292.669843 2194.771308 1218.464919 1879.433616 US95
5480.414931 2278.57659 1241.020343 1960.817998 US96
5547.896313 2296.56013 1245.853101 2005.483083 US97
5585.267198 2348.676331 1213.591892 2022.998975 US98
5656.966047 2416.314488 1216.440074 2024.211485 US99
5815.504413 2438.525372 1261.23767 2115.74137 US00
5741.674936 2475.58481 1210.502787 2055.587339 US01
5756.956619 2457.506721 1249.648497 2049.801401 US02
5807.710631 2497.460451 1220.05702 2090.19316 US03
5912.207212 2595.184056 1227.070675 2089.952481 US04
3294.129837 1634.05905 506.058707 1154.01208 EU90
3312.687953 1698.239341 561.1307507 1053.317862 EU91
3209.74281 1724.986123 551.9164169 932.8402706 EU92
3201.28867 1715.580833 584.5140223 901.1938139 EU93
3182.916942 1709.762838 597.3035771 875.8505261 EU94
3230.484746 1734.591738 648.2851472 847.6078606 EU95
3297.364184 1777.262734 703.1751682 816.9262818 EU96
3315.104196 1789.843602 690.9208637 834.3397305 EU97
3353.593442 1825.733507 717.5893436 810.2705906 EU98
3320.11444 1788.613479 757.47888 774.022081 EU99
3384.054547 1782.258668 777.2944688 824.5014105 EU00
3466.036813 1819.465633 791.204768 855.3664117 EU01
3427.568578 1800.015933 804.470605 823.0820405 EU02
3532.850159 1842.297935 842.4466625 848.105562 EU03
3579.280508 1858.477605 872.629834 848.1730695 EU04
1014.8521 667.3109272 102.1141088 245.4270636 JPN90
1028.651858 668.6326198 109.114299 250.9049387 JPN91
1039.843282 688.6750428 111.7317169 239.4365227 JPN92
1043.119586 689.9671634 112.3113477 240.8410747 JPN93
1088.003212 709.1162261 120.3653306 258.5216554 JPN94
1075.844502 686.1457289 121.8766962 267.8220765 JPN95
1103.430685 702.1619798 131.979923 269.2887826 JPN96
1141.017423 704.0613536 134.7080944 302.2479748 JPN97
1103.150786 676.0636324 139.8356145 287.2515394 JPN98
1149.383959 686.6701543 150.9151556 311.7986495 JPN99
1190.064396 675.5730826 156.430111 358.0612019 JPN00
1169.509374 656.997579 156.3033553 356.2084396 JPN01
1186.004149 644.356531 161.8167466 379.8308716 JPN02
1244.293801 683.4624716 168.2855125 392.5458174 JPN03
1262.098512 665.1394727 163.0816109 433.8774282 JPN04
122.9643189 11.04493892 0 111.91938 PRK90
119.7993867 11.45054008 0 108.3488466 PRK91
104.4932336 11.00942018 0 93.48381343 PRK92
96.72763516 10.85872882 0 85.86890635 PRK93
89.6365319 10.50520039 0 79.13133152 PRK94
82.26741672 9.525249039 0 72.74216768 PRK95
70.90074885 7.213482794 0 63.68726606 PRK96
65.69972164 6.150436404 0 59.54928524 PRK97
59.19551728 5.4633836 0 53.73213368 PRK98
65.10678302 4.71306409 0 60.39371893 PRK99
68.72095244 4.053797402 0 64.66715504 PRK00
70.4187577 3.638147004 0 66.7806107 PRK01
67.27440715 3.998338381 0 63.27606877 PRK02
68.44208399 3.996256709 0 64.44582728 PRK03
69.35450804 4.07431696 0 65.28019108 PRK04
237.8739957 143.609046 6.320870701 87.94407894 KOR90
269.4658927 170.5533076 7.318575054 91.59401007 KOR91
289.9441459 194.298597 9.594117463 86.05143143 KOR92
336.2350957 220.9263662 11.98483063 103.3238989 KOR93
353.9533263 229.1176904 15.95337281 108.8822631 KOR94
393.3468439 256.0024028 19.29036653 118.0540746 KOR95
404.9705754 264.0828457 25.48496073 115.402769 KOR96
435.6861073 275.5626934 30.99858872 129.1248251 KOR97
377.6155487 213.8815303 28.99793952 134.7360789 KOR98
426.1441788 251.3468694 35.31072836 139.4865811 KOR99
442.5119255 252.1450078 39.49561086 150.8713068 KOR00
438.1957231 242.2817705 42.57600223 153.3379504 KOR01
465.4973737 243.8758164 48.22628545 173.3952719 KOR02
474.9764591 247.7558733 50.25196885 176.9686169 KOR03
496.763775 244.7180829 58.08767107 193.958021 KOR04
100.2801341 54.7474868 43.50864404 2.024003241 ARG90
108.5387561 58.37380533 47.60268438 2.562266436 ARG91
110.7898197 60.44203063 47.41947866 2.928310418 ARG92
118.9044632 66.24385159 50.13769709 2.522914518 ARG93
115.6575894 60.25108242 51.33280907 4.073697885 ARG94
118.8792903 58.75450849 56.5796982 3.545083636 ARG95
129.1807155 63.70391076 62.02551257 3.451292198 ARG96
129.0485061 66.6576909 59.12727578 3.263539402 ARG97
135.0005487 69.79300215 61.71153437 3.496012218 ARG98
139.1167064 72.02415549 64.67979101 2.412759847 ARG99
136.8601153 69.08822458 65.82701619 1.944874552 ARG00
127.3602539 63.65760463 61.98639379 1.716255452 ARG01
119.4692181 57.4484029 60.5171554 1.503659791 ARG02
133.260326 62.16699888 69.36824764 1.725079494 ARG03
142.2517563 64.931065 75.32102184 1.999669441 ARG04
222.6615357 180.3241469 8.735956015 33.60143281 BRA90
231.5013223 182.4813701 9.40117263 39.61877958 BRA91
234.5862384 187.690985 11.02433573 35.87091763 BRA92
257.7285705 211.6770153 9.859239485 36.19231565 BRA93
268.1340704 222.291396 10.30921797 35.53345645 BRA94
288.0071618 240.1726159 10.69738245 37.13716352 BRA95
304.980101 254.0406269 12.54009567 38.39937843 BRA96
323.4346461 270.2279612 13.59604466 39.61064028 BRA97
322.0726951 268.1734468 14.86226493 39.03698341 BRA98
333.6477025 276.8907847 16.78529796 39.97161986 BRA99
345.4293639 280.7887906 22.08261269 42.55796065 BRA00
350.1829816 281.5191405 26.49226579 42.17157537 BRA01
351.0777083 280.0854314 29.8316869 41.16059008 BRA02
320.2398589 247.5777015 30.36361925 42.29853818 BRA03
336.713021 257.7325057 36.16243657 42.81807872 BRA04
108.276334 52.74563195 54.98233939 0.548362647 VEN90
110.0182204 52.98510282 57.03146291 0.00165463 VEN91
110.9271254 55.67958813 55.23655095 0.010986327 VEN92
112.8860717 54.68861208 58.103637 0.093822665 VEN93
118.5647947 56.87349064 61.50807034 0.183233671 VEN94
123.4715232 60.08865469 63.3655116 0.017356955 VEN95
132.4023868 58.37064909 73.52461175 0.50712599 VEN96
134.0440558 57.97015659 75.94314107 0.130758143 VEN97
141.3471712 58.74438257 78.92167224 3.681116369 VEN98
132.2957696 60.59067659 71.56575822 0.139334837 VEN99
133.4912727 63.2764183 69.71420306 0.500651369 VEN00
147.8711744 70.39949752 77.28463987 0.18703705 VEN01
145.7637349 73.62600059 72.06956447 0.068169791 VEN02
132.7662544 72.00863298 60.59781904 0.159802414 VEN03
142.680366 74.58680833 68.05750364 0.036053998 VEN04
330.7111386 41.8614989 20.58077358 268.2688662 POL90
326.3321743 39.91617163 18.45185547 267.9641472 POL91
321.024216 37.5422347 18.06009295 265.4218884 POL92
335.9807516 42.86485439 18.96174148 274.1541558 POL93
319.5820742 43.24945327 19.41690777 256.9157132 POL94
306.1002651 43.38678089 20.32970312 242.383781 POL95
341.8270453 48.65954869 22.85440552 270.3130911 POL96
333.6395904 51.43802076 22.89978512 259.3017845 POL97
311.182283 53.04236029 22.71669882 235.4232239 POL98
324.3253542 56.37961722 21.5635618 246.3821752 POL99
290.0721029 53.04895649 23.2536774 213.769469 POL00
274.1752189 52.13523725 23.7932213 198.2467603 POL01
272.419052 51.21319372 23.49602322 197.7098351 POL02
285.771215 54.99755234 26.09678833 204.6768743 POL03
287.6459907 56.33689781 27.60372069 203.7053722 POL04
174.0360643 56.28467589 71.22982979 46.52155864 ROM90
134.3151585 41.08801532 55.39716601 37.8299772 ROM91
127.1270803 38.09993567 49.84945944 39.17768522 ROM92
122.9300644 36.87601604 47.95051906 38.10352928 ROM93
116.6345789 32.93567972 44.91174146 38.78715775 ROM94
122.7261553 35.66340974 47.54022443 39.52252112 ROM95
125.4960701 37.64027959 47.18599425 40.66979626 ROM96
119.2899608 40.13067897 43.5926425 35.56663935 ROM97
99.70138346 36.82439767 34.13211158 28.74487422 ROM98
91.32930529 31.4675585 32.64810672 27.21364007 ROM99
92.44906088 31.90963797 31.53510309 29.00431982 ROM00
101.2013417 33.00227025 36.54361946 31.65545202 ROM01
99.24238405 32.98536191 33.94661097 32.31041117 ROM02
98.97131455 31.2043687 33.39010915 34.37683671 ROM03
95.29057778 32.68137321 33.39010915 29.21909542 ROM04
201.7909606 149.2468981 49.20849315 3.335569333 IRA90
226.191562 157.3514619 65.38475316 3.455346903 IRA91
232.8578368 159.0832475 69.96663812 3.807951091 IRA92
236.4332362 164.3804644 68.15507894 3.897692828 IRA93
248.7726255 165.2180014 78.94725074 4.607373359 IRA94
260.1335933 165.4629072 90.59787284 4.072813284 IRA95
260.9727188 155.9633085 100.6322194 4.377190814 IRA96
288.4936016 171.2204951 112.9247302 4.348376299 IRA97
292.4230698 167.7503664 120.2431845 4.42951882 IRA98
314.9044946 173.5658676 137.0095317 4.32909533 IRA99
318.2684559 170.8671408 143.0929075 4.308407561 IRA00
332.1973802 176.4901199 151.7529143 3.954345945 IRA01
362.7165574 187.4163645 171.0388336 4.261359236 IRA02
384.5022471 195.9340691 184.4406555 4.127522398 IRA03
401.9067197 207.5260547 190.806082 3.574583034 IRA04
207.7480363 138.7340174 69.01401888 0 SAU90
226.129894 139.8367119 86.27415604 0.019026027 SAU91
233.0420579 145.3759698 87.66608809 0 SAU92
232.1274617 144.0295513 88.09791049 0 SAU93
238.2956385 146.1385272 92.15711128 0 SAU94
233.4375057 136.0652131 97.37229257 0 SAU95
248.3659323 145.0071544 103.3587778 0 SAU96
253.1015355 162.7977859 90.30374966 0 SAU97
256.2068959 162.2132423 93.99365355 0 SAU98
261.9734174 171.228924 90.74449339 0 SAU99
288.21072 189.9463553 98.26436467 0 SAU00
299.4269791 194.2080112 105.2189678 0 SAU01
309.1852139 198.0908733 111.0943407 0 SAU02
344.8816537 227.4290114 117.4526423 0 SAU03
365.0691233 236.4527842 128.6046567 0.011682407 SAU04
295.4782963 53.78943911 0 241.6888572 ZAF90
307.7215112 57.87684959 0 249.8446616 ZAF91
317.0215522 59.87551693 0.077934335 257.068101 ZAF92
315.8805162 58.39382962 3.513511988 253.9731746 ZAF93
343.7634119 59.58575268 3.806069745 280.3715894 ZAF94
344.037655 60.49330313 3.825967873 279.718384 ZAF95
348.8030299 61.78354783 3.59326183 283.4262203 ZAF96
380.0238719 60.08796394 3.506939008 316.4289689 ZAF97
361.7794006 64.02429483 3.121607741 294.6334981 ZAF98
368.5118607 67.96215701 3.024010186 297.5256935 ZAF99
378.590246 65.57141559 3.530202877 309.4886275 ZAF00
387.7434347 65.6581968 4.408580874 317.676657 ZAF01
374.6515298 68.32893419 4.798971095 301.5236245 ZAF02
409.8796944 70.91103717 4.759932073 334.2087252 ZAF03
429.5641954 72.61642383 4.625924688 352.3218469 ZAF04
150.8533889 94.46487516 40.80922855 15.57928521 IDN90
156.2028241 100.1514647 42.03984897 14.01151048 IDN91
171.8302681 104.7048178 50.85462077 16.2708295 IDN92
198.4378135 111.4837435 61.30662985 25.64744009 IDN93
208.331968 112.4793475 65.01380919 30.83881132 IDN94
213.0762542 116.0928585 70.54192752 26.44146809 IDN95
234.8880895 125.8250634 73.2441305 35.81889563 IDN96
244.7958312 139.1081503 74.05034207 31.63733883 IDN97
239.364082 135.0057019 66.03011446 38.32826562 IDN98
263.3882993 143.3281895 73.81880528 46.24130449 IDN99
275.1941404 152.5114115 70.75209214 51.93063683 IDN00
297.0386668 156.2159939 77.1325249 63.690148 IDN01
311.6200355 164.5825632 78.82623272 68.21123962 IDN02
315.0868293 165.3261652 78.27134101 71.4893231 IDN03
307.6821638 173.6204585 83.31099165 50.7507137 IDN04
117.832681 76.7363977 4.421890175 36.67439314 TWN90
123.8103957 77.67374161 5.54309525 40.5935588 TWN91
130.3629672 77.66962107 6.053115592 46.6402305 TWN92
149.2169647 86.38516527 5.872513482 56.95928598 TWN93
160.5191085 93.22967444 7.419828928 59.86960519 TWN94
180.5991935 106.167062 7.960940607 66.47119092 TWN95
195.1581135 113.0627028 9.097098884 72.99831182 TWN96
207.1417573 112.0151928 10.85838519 84.26817932 TWN97
218.9729218 115.0032338 12.72627376 91.24341416 TWN98
220.4541558 111.5366946 12.80837875 96.10908245 TWN99
247.9700277 122.3450462 14.10153238 111.5234491 TWN00
245.1217983 109.5621574 14.03995363 121.5196872 TWN01
269.435068 123.6375565 16.68783963 129.1096718 TWN02
285.602063 132.1506781 17.05731209 136.3940728 TWN03
308.0029981 137.1386742 20.48519551 150.3791284 TWN04
300.0872296 231.0172929 53.79336379 15.29308754 MEX90
307.7148348 237.429122 55.91050943 14.39233186 MEX91
311.1498885 238.7863509 56.18638121 16.19629774 MEX92
314.1130865 237.3128052 60.09892424 16.65747898 MEX93
333.7434898 253.7330773 62.97652712 17.25721355 MEX94
318.702991 234.1504533 65.41358315 19.52595894 MEX95
329.4811839 233.2063394 74.01284547 22.85067015 MEX96
346.5303227 242.847834 79.69954836 24.46157999 MEX97
368.3849625 257.5492255 86.33003991 25.07729142 MEX98
360.464621 252.794007 81.22757649 26.94388255 MEX99
379.9854511 265.2173012 87.8154934 27.57278421 MEX00
377.4971285 260.2516311 86.84091489 30.3142156 MEX01
385.3566446 251.60138 99.76741686 32.40264027 MEX02
391.0326677 250.3376915 101.7298173 37.21674161 MEX03
385.4575079 253.7156522 99.80334526 30.00486857 MEX04


