4 15
174.0360643 56.28467589 71.22982979 46.52155864 Romania90
134.3151585 41.08801532 55.39716601 37.8299772 Romania91
127.1270803 38.09993567 49.84945944 39.17768522 Romania92
122.9300644 36.87601604 47.95051906 38.10352928 Romania93
116.6345789 32.93567972 44.91174146 38.78715775 Romania94
122.7261553 35.66340974 47.54022443 39.52252112 Romania95
125.4960701 37.64027959 47.18599425 40.66979626 Romania96
119.2899608 40.13067897 43.5926425 35.56663935 Romania97
99.70138346 36.82439767 34.13211158 28.74487422 Romania98
91.32930529 31.4675585 32.64810672 27.21364007 Romania99
92.44906088 31.90963797 31.53510309 29.00431982 Romania00
101.2013417 33.00227025 36.54361946 31.65545202 Romania01
99.24238405 32.98536191 33.94661097 32.31041117 Romania02
98.97131455 31.2043687 33.39010915 34.37683671 Romania03
95.29057778 32.68137321 33.39010915 29.21909542 Romania04