4 15
3294.129837 1634.05905 506.058707 1154.01208 EU90
3312.687953 1698.239341 561.1307507 1053.317862 EU91
3209.74281 1724.986123 551.9164169 932.8402706 EU92
3201.28867 1715.580833 584.5140223 901.1938139 EU93
3182.916942 1709.762838 597.3035771 875.8505261 EU94
3230.484746 1734.591738 648.2851472 847.6078606 EU95
3297.364184 1777.262734 703.1751682 816.9262818 EU96
3315.104196 1789.843602 690.9208637 834.3397305 EU97
3353.593442 1825.733507 717.5893436 810.2705906 EU98
3320.11444 1788.613479 757.47888 774.022081 EU99
3384.054547 1782.258668 777.2944688 824.5014105 EU00
3466.036813 1819.465633 791.204768 855.3664117 EU01
3427.568578 1800.015933 804.470605 823.0820405 EU02
3532.850159 1842.297935 842.4466625 848.105562 EU03
3579.280508 1858.477605 872.629834 848.1730695 EU04