4 15
300.0872296 231.0172929 53.79336379 15.29308754 Mexico90
307.7148348 237.429122 55.91050943 14.39233186 Mexico91
311.1498885 238.7863509 56.18638121 16.19629774 Mexico92
314.1130865 237.3128052 60.09892424 16.65747898 Mexico93
333.7434898 253.7330773 62.97652712 17.25721355 Mexico94
318.702991 234.1504533 65.41358315 19.52595894 Mexico95
329.4811839 233.2063394 74.01284547 22.85067015 Mexico96
346.5303227 242.847834 79.69954836 24.46157999 Mexico97
368.3849625 257.5492255 86.33003991 25.07729142 Mexico98
360.464621 252.794007 81.22757649 26.94388255 Mexico99
379.9854511 265.2173012 87.8154934 27.57278421 Mexico00
377.4971285 260.2516311 86.84091489 30.3142156 Mexico01
385.3566446 251.60138 99.76741686 32.40264027 Mexico02
391.0326677 250.3376915 101.7298173 37.21674161 Mexico03
385.4575079 253.7156522 99.80334526 30.00486857 Mexico04