4 15
5013.453573 2179.583166 1050.341115 1783.529293 US90
4965.427759 2125.287729 1072.855423 1767.284607 US91
5068.783153 2175.406441 1111.509299 1781.867413 US92
5169.217094 2178.620336 1142.346637 1848.25012 US93
5237.741944 2212.681151 1164.711152 1860.349642 US94
5292.669843 2194.771308 1218.464919 1879.433616 US95
5480.414931 2278.57659 1241.020343 1960.817998 US96
5547.896313 2296.56013 1245.853101 2005.483083 US97
5585.267198 2348.676331 1213.591892 2022.998975 US98
5656.966047 2416.314488 1216.440074 2024.211485 US99
5815.504413 2438.525372 1261.23767 2115.74137 US00
5741.674936 2475.58481 1210.502787 2055.587339 US01
5756.956619 2457.506721 1249.648497 2049.801401 US02
5807.710631 2497.460451 1220.05702 2090.19316 US03
5912.207212 2595.184056 1227.070675 2089.952481 US04