4 15
1014.8521 667.3109272 102.1141088 245.4270636 Japan90
1028.651858 668.6326198 109.114299 250.9049387 Japan91
1039.843282 688.6750428 111.7317169 239.4365227 Japan92
1043.119586 689.9671634 112.3113477 240.8410747 Japan93
1088.003212 709.1162261 120.3653306 258.5216554 Japan94
1075.844502 686.1457289 121.8766962 267.8220765 Japan95
1103.430685 702.1619798 131.979923 269.2887826 Japan96
1141.017423 704.0613536 134.7080944 302.2479748 Japan97
1103.150786 676.0636324 139.8356145 287.2515394 Japan98
1149.383959 686.6701543 150.9151556 311.7986495 Japan99
1190.064396 675.5730826 156.430111 358.0612019 Japan00
1169.509374 656.997579 156.3033553 356.2084396 Japan01
1186.004149 644.356531 161.8167466 379.8308716 Japan02
1244.293801 683.4624716 168.2855125 392.5458174 Japan03
1262.098512 665.1394727 163.0816109 433.8774282 Japan04