4 15
237.8739957 143.609046 6.320870701 87.94407894 SouthKorea90
269.4658927 170.5533076 7.318575054 91.59401007 SouthKorea91
289.9441459 194.298597 9.594117463 86.05143143 SouthKorea92
336.2350957 220.9263662 11.98483063 103.3238989 SouthKorea93
353.9533263 229.1176904 15.95337281 108.8822631 SouthKorea94
393.3468439 256.0024028 19.29036653 118.0540746 SouthKorea95
404.9705754 264.0828457 25.48496073 115.402769 SouthKorea96
435.6861073 275.5626934 30.99858872 129.1248251 SouthKorea97
377.6155487 213.8815303 28.99793952 134.7360789 SouthKorea98
426.1441788 251.3468694 35.31072836 139.4865811 SouthKorea99
442.5119255 252.1450078 39.49561086 150.8713068 SouthKorea00
438.1957231 242.2817705 42.57600223 153.3379504 SouthKorea01
465.4973737 243.8758164 48.22628545 173.3952719 SouthKorea02
474.9764591 247.7558733 50.25196885 176.9686169 SouthKorea03
496.763775 244.7180829 58.08767107 193.958021 SouthKorea04