4 15
222.6615357 180.3241469 8.735956015 33.60143281 Brazil90
231.5013223 182.4813701 9.40117263 39.61877958 Brazil91
234.5862384 187.690985 11.02433573 35.87091763 Brazil92
257.7285705 211.6770153 9.859239485 36.19231565 Brazil93
268.1340704 222.291396 10.30921797 35.53345645 Brazil94
288.0071618 240.1726159 10.69738245 37.13716352 Brazil95
304.980101 254.0406269 12.54009567 38.39937843 Brazil96
323.4346461 270.2279612 13.59604466 39.61064028 Brazil97
322.0726951 268.1734468 14.86226493 39.03698341 Brazil98
333.6477025 276.8907847 16.78529796 39.97161986 Brazil99
345.4293639 280.7887906 22.08261269 42.55796065 Brazil00
350.1829816 281.5191405 26.49226579 42.17157537 Brazil01
351.0777083 280.0854314 29.8316869 41.16059008 Brazil02
320.2398589 247.5777015 30.36361925 42.29853818 Brazil03
336.713021 257.7325057 36.16243657 42.81807872 Brazil04