4 15
588.2418267 160.0559194 34.27509258 393.9108148 India90
617.2814079 162.3102181 38.67333195 416.2978578 India91
654.3708265 172.4897446 38.7162054 443.1648765 India92
680.6998243 177.670552 37.31964869 465.7096235 India93
729.2592255 192.2545285 40.07392442 496.9307725 India94
867.0807463 214.537163 43.43555156 609.1080317 India95
829.8729603 226.5765541 42.40138222 560.895024 India96
873.4707969 238.4927808 43.53743571 591.4405804 India97
901.3498721 254.8910765 48.80117179 597.6576238 India98
934.8104065 265.3820033 48.28832577 621.1400775 India99
1000.688415 278.7107959 50.76266149 671.2149572 India00
1018.60822 278.9614175 51.0413248 688.605478 India01
1024.353009 297.8513187 55.37141232 671.1302776 India02
1041.946213 292.981242 58.68232815 690.2826423 India03
1112.840071 305.9265229 65.54748496 741.3660628 India04