4 15
330.7111386 41.8614989 20.58077358 268.2688662 Poland90
326.3321743 39.91617163 18.45185547 267.9641472 Poland91
321.024216 37.5422347 18.06009295 265.4218884 Poland92
335.9807516 42.86485439 18.96174148 274.1541558 Poland93
319.5820742 43.24945327 19.41690777 256.9157132 Poland94
306.1002651 43.38678089 20.32970312 242.383781 Poland95
341.8270453 48.65954869 22.85440552 270.3130911 Poland96
333.6395904 51.43802076 22.89978512 259.3017845 Poland97
311.182283 53.04236029 22.71669882 235.4232239 Poland98
324.3253542 56.37961722 21.5635618 246.3821752 Poland99
290.0721029 53.04895649 23.2536774 213.769469 Poland00
274.1752189 52.13523725 23.7932213 198.2467603 Poland01
272.419052 51.21319372 23.49602322 197.7098351 Poland02
285.771215 54.99755234 26.09678833 204.6768743 Poland03
287.6459907 56.33689781 27.60372069 203.7053722 Poland04