4 15
2241.169646 95.38250096 30.03937646 1886.006038 China90
2345.639397 93.36012586 31.06809206 1960.736339 China91
2421.744363 98.01707624 31.40071415 2022.668159 China92
2586.839302 101.2273867 32.8697419 2131.957792 China93
2796.069754 104.1042977 34.63100265 2322.126709 China94
2873.098039 105.002785 35.6725107 2366.94967 China95
2902.098392 105.4695138 39.62901842 2386.138458 China96
3036.295874 107.0070946 42.77672321 2459.867461 China97
2938.216455 111.154269 44.4567267 2362.883513 China98
2901.421427 114.1509535 47.9932911 2287.261193 China99
3030.884531 113.9574418 55.35454429 2339.10004 China00
3185.289096 115.1666893 59.76306408 2472.212676 China01
3305.857626 116.6764917 65.10311384 2555.099991 China02
3897.978287 116.4360603 70.14204113 3116.974643 China03
4707.281088 117.073242 82.84551044 3808.834264 China04