4 15
117.832681 76.7363977 4.421890175 36.67439314 Taiwan90
123.8103957 77.67374161 5.54309525 40.5935588 Taiwan91
130.3629672 77.66962107 6.053115592 46.6402305 Taiwan92
149.2169647 86.38516527 5.872513482 56.95928598 Taiwan93
160.5191085 93.22967444 7.419828928 59.86960519 Taiwan94
180.5991935 106.167062 7.960940607 66.47119092 Taiwan95
195.1581135 113.0627028 9.097098884 72.99831182 Taiwan96
207.1417573 112.0151928 10.85838519 84.26817932 Taiwan97
218.9729218 115.0032338 12.72627376 91.24341416 Taiwan98
220.4541558 111.5366946 12.80837875 96.10908245 Taiwan99
247.9700277 122.3450462 14.10153238 111.5234491 Taiwan00
245.1217983 109.5621574 14.03995363 121.5196872 Taiwan01
269.435068 123.6375565 16.68783963 129.1096718 Taiwan02
285.602063 132.1506781 17.05731209 136.3940728 Taiwan03
308.0029981 137.1386742 20.48519551 150.3791284 Taiwan04