4 15
201.7909606 149.2468981 49.20849315 3.335569333 Iran90
226.191562 157.3514619 65.38475316 3.455346903 Iran91
232.8578368 159.0832475 69.96663812 3.807951091 Iran92
236.4332362 164.3804644 68.15507894 3.897692828 Iran93
248.7726255 165.2180014 78.94725074 4.607373359 Iran94
260.1335933 165.4629072 90.59787284 4.072813284 Iran95
260.9727188 155.9633085 100.6322194 4.377190814 Iran96
288.4936016 171.2204951 112.9247302 4.348376299 Iran97
292.4230698 167.7503664 120.2431845 4.42951882 Iran98
314.9044946 173.5658676 137.0095317 4.32909533 Iran99
318.2684559 170.8671408 143.0929075 4.308407561 Iran00
332.1973802 176.4901199 151.7529143 3.954345945 Iran01
362.7165574 187.4163645 171.0388336 4.261359236 Iran02
384.5022471 195.9340691 184.4406555 4.127522398 Iran03
401.9067197 207.5260547 190.806082 3.574583034 Iran04