4 15
295.4782963 53.78943911 0 241.6888572 SouthAfrica90
307.7215112 57.87684959 0 249.8446616 SouthAfrica91
317.0215522 59.87551693 0.077934335 257.068101 SouthAfrica92
315.8805162 58.39382962 3.513511988 253.9731746 SouthAfrica93
343.7634119 59.58575268 3.806069745 280.3715894 SouthAfrica94
344.037655 60.49330313 3.825967873 279.718384 SouthAfrica95
348.8030299 61.78354783 3.59326183 283.4262203 SouthAfrica96
380.0238719 60.08796394 3.506939008 316.4289689 SouthAfrica97
361.7794006 64.02429483 3.121607741 294.6334981 SouthAfrica98
368.5118607 67.96215701 3.024010186 297.5256935 SouthAfrica99
378.590246 65.57141559 3.530202877 309.4886275 SouthAfrica00
387.7434347 65.6581968 4.408580874 317.676657 SouthAfrica01
374.6515298 68.32893419 4.798971095 301.5236245 SouthAfrica02
409.8796944 70.91103717 4.759932073 334.2087252 SouthAfrica03
429.5641954 72.61642383 4.625924688 352.3218469 SouthAfrica04