100.44426	54.748627	43.669247	2.026356	ARG90
104.08852	55.968533	46.17265	1.9473269
107.92353	57.061623	49.093616	1.7682757
108.38691	58.375072	47.442123	2.569738	ARG91
DT time: 0.203
0
calc
108.38691	58.375072	47.442123	2.569738	ARG91
109.27552	59.054897	47.537685	2.6829221
110.57475	59.81361	47.835136	2.9260328
110.62052	60.276318	47.452686	2.8915143	ARG92
DT time: 0.219
0
calc
110.62052	60.276318	47.452686	2.8915143	ARG92
112.738655	60.864555	48.690052	3.1840484
116.51843	64.16486	49.570713	2.7828522
118.84512	66.19009	50.124836	2.5301957	ARG93
DT time: 0.203
0
calc
118.84512	66.19009	50.124836	2.5301957	ARG93
116.51843	64.16486	49.570713	2.7828522
116.09548	61.834885	50.6904	3.5701604
115.55875	60.243217	51.29705	4.0184765	ARG94
DT time: 0.203
0
calc
115.55875	60.243217	51.29705	4.0184765	ARG94
116.22712	59.87119	52.45843	3.8975139
117.80108	59.18739	54.94056	3.6730938
119.00067	58.4572	57.473972	3.0695028	ARG95
DT time: 0.188
0
calc
119.00067	58.4572	57.473972	3.0695028	ARG95
119.86422	58.760014	58.438713	2.6654918
124.01576	61.481396	60.37874	2.155617
127.596954	63.593864	61.99982	2.0032532	ARG01
127.85793	63.671757	61.98808	2.1981025
128.83142	63.747486	62.013325	3.070604
129.47386	64.01391	62.12682	3.3330913	ARG96
DT time: 0.203
0
calc
129.47386	64.01391	62.12682	3.3330913	ARG96
128.83142	63.747486	62.013325	3.070604
128.51698	64.16164	61.559364	2.7960086
128.81046	65.71839	60.042698	3.049387
129.0479	66.543785	59.2919	3.212352	ARG97
DT time: 0.188
0
calc
129.0479	66.543785	59.2919	3.212352	ARG97
130.30672	67.8268	59.673473	2.8064775
133.69385	70.05813	61.104485	2.5312226
134.63284	70.25043	61.542446	2.8400297	ARG98
DT time: 0.203
0
calc
134.63284	70.25043	61.542446	2.8400297	ARG98
135.84439	70.305305	62.328197	3.2109337
137.542	71.18153	63.54954	2.8108742
139.15634	72.11505	64.80985	2.2314243	ARG99
DT time: 0.203
0
calc
139.15634	72.11505	64.80985	2.2314243	ARG99
139.18385	71.867424	65.26061	2.0558555
137.60448	70.04535	65.478065	2.0811145
136.98686	69.255516	65.7588	1.9724951	ARG00
DT time: 0.203
0
calc
136.98686	69.255516	65.7588	1.9724951	ARG00
135.72847	67.42755	66.612686	1.6882228
132.01599	65.71805	63.426006	2.8719256
129.47386	64.01391	62.12682	3.3330913	ARG96
128.83142	63.747486	62.013325	3.070604
127.85793	63.671757	61.98808	2.1981025
127.596954	63.593864	61.99982	2.0032532	ARG01
DT time: 0.187
0
calc
127.596954	63.593864	61.99982	2.0032532	ARG01
125.56855	62.22679	61.693928	1.6478369
123.03451	60.61302	60.43692	1.9845542
119.1192	57.61361	59.902214	1.6033638
119.0153	57.312923	60.58992	1.1124583	ARG02
DT time: 0.188
0
calc
119.0153	57.312923	60.58992	1.1124583	ARG02
119.63658	57.571705	61.3337	0.731197
121.42123	58.741924	62.3708	0.30853757
123.26359	59.81839	63.319862	0.12530945	VEN95
125.07999	60.28814	64.48893	0.3029306
130.74991	61.584164	68.01241	1.1533957
133.22401	62.427864	69.48687	1.3092035	ARG03
DT time: 0.187
0
calc
133.22401	62.427864	69.48687	1.3092035	ARG03
133.37152	62.712093	69.547424	1.1119355
133.47884	62.986137	69.60438	0.8882896	VEN00
136.20934	63.694675	71.43531	1.0793722
139.13174	64.348	73.28627	1.4974968
142.22168	64.769325	75.40886	2.0435674	ARG04